-0.0199603, 0.2164422, -0.1100631, 0.2207031, 0.0000000
-0.0199603, 0.2164422, -0.1100631, 0.2207031, 0.0000000
-0.0199603, 0.2164422, -0.1100631, 0.2207031, 0.0000000
-0.0199603, 0.2164422, -0.1100631, 0.2207031, 8.7971718
-0.0199603, 0.2164422, -0.1100631, 0.2207031, 3.9234208
-0.0199603, 0.2164422, -0.1100631, 0.2207031, 10.8274566
-0.0199603, 0.2164422, -0.1100631, 0.2207031, 0.0000000
-0.0177083, 0.2164422, -0.1100631, 0.2207031, 4.6960954
-0.0177083, 0.2164422, -0.1100631, 0.2207031, 0.0295000
-0.0177083, 0.2164422, -0.1289063, 0.2207031, 6.5480508
-0.0177083, 0.2164422, -0.1289063, 0.2207031, 0.0000000
-0.0177083, 0.2164422, -0.1289063, 0.2207031, 11.6759957
-0.0177083, 0.2164422, -0.1240560, 0.2207031, 0.2004093
-0.0226089, 0.2164422, -0.1100631, 0.2207031, 11.4454636
-0.0226089, 0.2164422, -0.1100631, 0.2207031, 0.0000000
-0.0226089, 0.2164422, -0.1289063, 0.1848586, 13.0063314
-0.0226089, 0.2164422, -0.1100631, 0.2050084, 10.8272684
-0.0226089, 0.2164422, -0.1100631, 0.2050084, 0.0000000
-0.0226089, 0.2141417, -0.1289063, 0.2050084, 3.0698227
-0.0226089, 0.2123245, -0.1291775, 0.2050084, 2.3472319
-0.0177083, 0.2166667, -0.1612052, 0.2118815, 5.7499484
-0.0208133, 0.2113715, -0.1291775, 0.1472382, 6.3403298
-0.0179893, 0.2117661, -0.1109905, 0.2124311, 2.5973168
-0.0206998, 0.2104705, -0.1340118, 0.2124311, 5.7481647
-0.0206706, 0.2109375, -0.1428199, 0.2020761, 6.0934801
-0.0210351, 0.2139819, -0.1621094, 0.1730469, 5.2925989
-0.0243545, 0.2155465, -0.1621094, 0.1252111, 6.9437023
-0.0243545, 0.2159703, -0.1425781, 0.1533591, 8.2441036
-0.0275708, 0.2176771, -0.1425781, 0.1484375, 4.5814032
-0.0273438, 0.2189103, -0.1425781, 0.1484375, 0.2271456
-0.0304284, 0.2226563, -0.1425781, 0.1386719, 8.7812134
-0.0304284, 0.2226563, -0.1425781, 0.1386719, 0.0000000
-0.0304284, 0.2109375, -0.1240560, 0.1303998, 6.8606651
-0.0256316, 0.2194646, -0.1240560, 0.1303998, 2.6126120
-0.0256316, 0.2171788, -0.1127626, 0.1386719, 5.2885204
-0.0299953, 0.2128906, -0.1240560, 0.1387629, 2.2249922
-0.0243319, 0.2161200, -0.1159668, 0.1391212, 0.3367756
-0.0244057, 0.2674753, -0.1154067, 0.1582031, 3.9570031
-0.0271608, 0.2226563, -0.1240560, 0.1660156, 3.0677527
-0.0272123, 0.2419577, -0.1152344, 0.1660156, 4.8110500
-0.0285637, 0.2671669, -0.1240560, 0.1704282, 1.3938563
-0.0272123, 0.2674479, -0.1240560, 0.1662574, 3.0764038
-0.0276545, 0.2670327, -0.1240560, 0.1846427, 1.0776124
-0.0267437, 0.2671669, -0.1240560, 0.1662574, 6.2991472
-0.0210732, 0.2674753, -0.1425781, 0.2018601, 6.7729533
-0.0273438, 0.2543155, -0.1425781, 0.2018601, 8.9675019
-0.0243319, 0.2356771, -0.1068793, 0.1660156, 7.0128782
-0.0237284, 0.2355587, -0.0920367, 0.1747324, 1.2619093
-0.0225539, 0.2480469, -0.1113281, 0.2021810, 6.8209660
-0.0238268, 0.2480469, -0.1113281, 0.1933594, 3.6583888
-0.0317427, 0.2290582, -0.1240560, 0.1757813, 7.7879604
-0.0319927, 0.2167969, -0.1240560, 0.1660156, 7.4018468
-0.0397998, 0.2167969, -0.1240560, 0.1661880, 1.8692884
-0.0388291, 0.2167969, -0.1240560, 0.1565221, 6.2122708
-0.0388291, 0.2167969, -0.1240560, 0.1565221, 0.0000000
-0.0370066, 0.2167969, -0.1240560, 0.1574493, 2.1311916
-0.0412393, 0.2226563, -0.1240560, 0.1474935, 0.2234654
-0.0398939, 0.2226563, -0.1240560, 0.1390270, 0.2228825
-0.0426582, 0.2352941, -0.1240560, 0.1296296, 3.9672494
-0.0429688, 0.2226563, -0.1240560, 0.1308594, 6.0480669
-0.0429688, 0.2261619, -0.1240560, 0.1206931, 2.2292454
-0.0401643, 0.2289268, -0.1240560, 0.1198945, 1.8664436
-0.0369792, 0.2324219, -0.1243335, 0.1210938, 0.1607918
-0.0488281, 0.2308743, -0.1240560, 0.1104423, 2.4345587
-0.0488281, 0.2348705, -0.1240560, 0.1142722, 0.2075142
-0.0488281, 0.2320280, -0.1425781, 0.1254662, 4.5844065
-0.0489583, 0.2331121, -0.1425781, 0.1348684, 5.7796234
-0.0371094, 0.2291773, -0.1425781, 0.1447554, 3.5639688
-0.0371094, 0.2348547, -0.1425781, 0.1445469, 1.8307132
-0.0236259, 0.2264441, -0.1425781, 0.1663707, 9.6882233
-0.0236259, 0.2264441, -0.1425781, 0.1663707, 0.0000000
-0.0310202, 0.2607887, -0.1154762, 0.1757813, 4.6686927
-0.0245226, 0.2104578, -0.1239511, 0.1668155, 5.6227704
-0.0366982, 0.2607996, -0.1239511, 0.1656250, 3.3354943
-0.0556315, 0.2607887, -0.1621094, 0.1666760, 5.2939433
-0.0556315, 0.2607887, -0.1621094, 0.1666760, 0.0000000
-0.0556315, 0.2021613, -0.1428199, 0.1659523, 4.1249558
-0.0556315, 0.2016722, -0.1425781, 0.1659523, 6.5365716
-0.0309416, 0.2037098, -0.1523602, 0.1644046, 2.6914245
-0.0365358, 0.2031250, -0.1431236, 0.1587409, 7.5894627
-0.0304177, 0.1980340, -0.1239511, 0.1482772, 6.4940992
-0.0332031, 0.2011719, -0.1469641, 0.1482772, 5.5255322
-0.0429688, 0.2031250, -0.1347656, 0.1846427, 5.5326192
-0.0429688, 0.1972656, -0.1470992, 0.1846427, 1.9470246
-0.0363940, 0.2226563, -0.1470992, 0.1846427, 3.6460196
-0.0312500, 0.2286184, -0.1293242, 0.1846427, 5.0976421
-0.0371094, 0.1877979, -0.1513997, 0.1390831, 5.2349703
-0.0384525, 0.1852265, -0.1513997, 0.1847930, 3.2860378
-0.0384525, 0.2421875, -0.1331410, 0.1847930, 6.0451373
-0.0371094, 0.2421875, -0.1239511, 0.1847930, 3.1260417
-0.0312500, 0.2421875, -0.1239511, 0.1847930, 3.6115602
-0.0343093, 0.2353051, -0.1335583, 0.1847930, 3.7803583
-0.0343093, 0.2289268, -0.1335583, 0.1753806, 3.8439785
-0.0343093, 0.1753806, -0.1786386, 0.1753806, 5.6092753
-0.0335478, 0.2166941, -0.1157798, 0.1660156, 6.9136169
-0.0341365, 0.2109375, -0.1613555, 0.1562500, 4.7376798
-0.0336793, 0.1785565, -0.1613555, 0.1301323, 6.8687661
-0.0332031, 0.1912202, -0.1513997, 0.1210938, 4.7608738
-0.0403646, 0.1851763, -0.1513997, 0.1115005, 1.4708855
-0.0430740, 0.1845238, -0.1513997, 0.1018346, 6.1472950
-0.0433849, 0.1844292, -0.1340090, 0.0842262, 10.5060628
-0.0465791, 0.1841206, -0.1340090, 0.0744908, 0.9510134
-0.0467147, 0.1843768, -0.1340090, 0.0503231, 10.6444937
-0.0467147, 0.1843768, -0.1340090, 0.0503231, 0.0000000
-0.0327238, 0.1840154, -0.1340090, 0.0423821, 4.8629262
-0.0347272, 0.1812183, -0.1331790, 0.0271218, 4.5519105
-0.0304129, 0.1762610, -0.1347424, -0.0113743, 10.2637664
-0.0305266, 0.1747548, -0.1431236, -0.0085800, 2.3844628
-0.0346154, 0.1721048, -0.1795377, -0.0131711, 1.6479377
-0.0338598, 0.1721048, -0.1616498, -0.0109860, 3.9126182
-0.0310202, 0.1721048, -0.1464844, -0.0240650, 4.3166293
-0.0874794, 0.1721048, -0.1616498, -0.0045951, 3.3104529
-0.0310202, 0.1777344, -0.1464844, 0.0117188, 2.4270752
-0.0273438, 0.1468956, -0.1343061, 0.0117188, 4.8741786
-0.0240047, 0.1404608, -0.1425781, 0.0083797, 1.3308062
-0.0240047, 0.1404608, -0.1425781, 0.0083797, 0.0000000
-0.0621170, 0.1781456, -0.1431352, 0.0117188, 8.1679336
-0.0709375, 0.1416016, -0.1660156, 0.0070378, 2.3425629
-0.0902005, 0.1413600, -0.1784226, 0.0052557, 5.4386535
-0.0937500, 0.1388048, -0.1797090, -0.0016704, 6.7041556
-0.0937500, 0.1781456, -0.1785931, -0.0016704, 3.7968350
-0.0937500, 0.1718750, -0.1699219, 0.0026281, 1.1461022
-0.0937500, 0.1705846, -0.1755423, 0.0021628, 2.5188158
-0.0937500, 0.1705846, -0.1755423, 0.0021628, 0.0000000
-0.0937500, 0.1713635, -0.1738281, 0.0067636, 2.5006698
-0.0808105, 0.1782946, -0.1750848, 0.0117188, 9.8460590
-0.0808105, 0.1782946, -0.1750848, 0.0117188, 0.0000000
-0.0850600, 0.2036675, -0.1675138, 0.0111826, 9.0436625
-0.0876623, 0.2000962, -0.1702770, 0.0029112, 2.7821810
-0.0874794, 0.1930236, -0.1784882, -0.0058594, 2.7970426
-0.0937500, 0.1729898, -0.1621345, -0.0058594, 4.2216576
-0.0938552, 0.1666264, -0.1750877, -0.0156250, 1.9484277
-0.0873452, 0.1539896, -0.1510789, 0.0024986, 4.4664524
-0.0873452, 0.1539896, -0.1510789, 0.0024986, 0.0000000
-0.0828919, 0.1533545, -0.1621425, -0.0323138, 6.7341649
-0.0936944, 0.1354374, -0.1576634, -0.0063189, 2.1290157
-0.0932387, 0.1355668, -0.1305598, 0.0024127, 0.9978496
-0.0923019, 0.1466422, -0.1743345, -0.0113492, 8.0258186
-0.0953242, 0.1430558, -0.1410401, -0.0058594, 7.7375087
-0.0953242, 0.1430558, -0.1410401, -0.0058594, 0.0000000
-0.0967307, 0.1411927, -0.1472933, -0.0112015, 0.2397665
-0.0947471, 0.1530007, -0.1835938, -0.0156250, 2.4467640
-0.0946181, 0.1654637, -0.1518669, -0.0114031, 0.7098543
-0.0869518, 0.1682408, -0.1564663, -0.0063296, 2.2435144
-0.0869518, 0.1843750, -0.1568411, -0.0153245, 3.1811138
-0.0875703, 0.1906050, -0.2334310, -0.0154390, 6.1337943
-0.0869518, 0.2032471, -0.2065104, -0.0196739, 4.4838063
-0.1001548, 0.2104388, -0.2110978, -0.0247024, 3.9345010
-0.0878906, 0.2191406, -0.2110978, -0.0248682, 3.4524135
-0.1443340, 0.2293546, -0.2110978, -0.0292969, 8.6839891
-0.1443340, 0.2293546, -0.2110978, -0.0292969, 0.0000000
-0.0877878, 0.2386380, -0.2110978, -0.0340402, 5.4765022
-0.0893796, 0.2455007, -0.2110978, -0.0336627, 2.2584600
-0.0905389, 0.1812799, -0.2065104, -0.0426624, 5.7657756
-0.0875703, 0.2520609, -0.2016782, -0.0424398, 2.5732537
-0.0878906, 0.2604167, -0.1933594, -0.0514513, 1.4551525
-0.0878906, 0.2657586, -0.1933594, -0.0566406, 3.0117400
-0.0878906, 0.2686741, -0.1933594, -0.0903489, 5.1682196
-0.0910862, 0.2806568, -0.1933594, -0.1016741, 5.4646666
-0.0874794, 0.2750790, -0.1886993, -0.0337486, 1.5553466
-0.0902444, 0.2851563, -0.1879006, -0.0427827, 5.3374296
-0.0902444, 0.2734375, -0.2158203, -0.0645986, 5.8031498
-0.0937500, 0.2731736, -0.2111486, -0.0385452, 5.2699517
-0.0937500, 0.2595779, -0.1930059, -0.0509748, 0.9967292
-0.0963443, 0.2573420, -0.1930059, -0.0483779, 2.0522502
-0.0963443, 0.2635686, -0.1930059, -0.0245784, 8.1512235
-0.0963443, 0.2635686, -0.1930059, -0.0245784, 0.0000000
-0.0957389, 0.2480469, -0.1930059, -0.0354288, 5.5376188
-0.0957389, 0.2734375, -0.1966374, -0.0275023, 5.1210659
-0.0937500, 0.2635555, -0.1966374, -0.0310449, 4.8472604
-0.0937500, 0.2707443, -0.1912400, -0.0186988, 4.8536117
-0.0937500, 0.2668593, -0.1912400, -0.0197538, 4.9094187
-0.0873808, 0.2604555, -0.1891760, -0.0232980, 0.3494445
-0.0874794, 0.2571856, -0.1994807, -0.0201978, 4.8186410
-0.0878906, 0.2484575, -0.2333261, -0.0101654, 4.5349773
-0.0201335, 0.2407962, -0.2016509, -0.0117188, 12.6634541
-0.0201335, 0.2407962, -0.2016509, -0.0117188, 0.0000000
-0.0820313, 0.2351156, -0.2028628, -0.0115017, 2.8811652
-0.0683594, 0.2259788, -0.2051796, 0.0021949, 0.9518804
-0.1382607, 0.2194553, -0.2098704, -0.0019531, 8.5650172
-0.1382607, 0.2137617, -0.2333261, 0.0012562, 6.2531818
-0.1348214, 0.2109375, -0.2117188, 0.0068174, 2.5354978
-0.1341647, 0.2166667, -0.2177608, 0.0114982, 4.5159407
-0.1382607, 0.1972656, -0.2189809, 0.0117188, 1.3095451
-0.1251973, 0.1974487, -0.2207354, 0.0117188, 2.1605912
-0.0507913, 0.2098524, -0.2246094, 0.0117188, 5.0038101
-0.1317274, 0.2035342, -0.2421875, 0.0112705, 6.2314966
-0.0501233, 0.1972656, -0.2246094, 0.0114909, 3.2929872
-0.0391335, 0.1972656, -0.2331757, 0.0114279, 6.2647617
-0.0580364, 0.1805426, -0.2246094, 0.0117188, 4.0802633
-0.0550284, 0.1787551, -0.2157878, 0.0117188, 2.6003866
-0.0466351, 0.1768861, -0.2158927, 0.0117188, 6.6095464
-0.0466351, 0.1768861, -0.2158927, 0.0117188, 0.0000000
-0.0746280, 0.1914063, -0.2161086, 0.0117188, 2.4002202
-0.0958834, 0.1914063, -0.1972656, 0.0024986, 3.5259139
-0.0744485, 0.1914063, -0.1972656, 0.0024986, 3.7785798
-0.0744485, 0.1914063, -0.1972656, 0.0024986, 0.0000000
-0.0654816, 0.1914063, -0.1699219, -0.0066614, 3.5866940
-0.0746256, 0.1913119, -0.1658363, -0.0019531, 4.5516848
-0.0747613, 0.1913119, -0.1658363, -0.0019531, 2.8568736
-0.0747613, 0.1913119, -0.1658363, -0.0019531, 0.0000000
-0.0742188, 0.1913119, -0.1699219, 0.0027370, 3.7304043
-0.0813079, 0.1907728, -0.1699219, 0.0071354, 1.5964156
-0.0813079, 0.1907728, -0.1699219, 0.0117188, 4.7510562
-0.1128744, 0.1892408, -0.1699219, 0.0207520, 4.2322054
-0.1128744, 0.1876184, -0.2111486, 0.0300293, 3.6548158
-0.1130515, 0.1878906, -0.2109375, 0.0390625, 3.2468103
-0.1128744, 0.1851256, -0.1728877, 0.0480957, 4.5280515
-0.1128744, 0.1779909, -0.1743304, 0.0505790, 1.8103131
-0.1128744, 0.1725084, -0.2199453, 0.0596730, 6.0217218
-0.0809462, 0.1616517, -0.1786386, 0.0722191, 4.7957197
-0.0781250, 0.1562500, -0.1793916, 0.0815722, 0.5116210
-0.0800428, 0.1499413, -0.2158746, 0.0835721, 5.4592510
-0.1063879, 0.1441406, -0.2110978, 0.0881608, 6.0848007
-0.1063879, 0.1441406, -0.2110978, 0.0881608, 0.0000000
-0.1063879, 0.1406250, -0.1757236, 0.0862232, 7.7751752
-0.1063879, 0.1342202, -0.1702326, 0.0993983, 2.7533038
-0.1063879, 0.1342202, -0.1702326, 0.0993983, 0.0000000
-0.0997122, 0.1279762, -0.1889936, 0.1034034, 7.0765959
-0.0997122, 0.1210938, -0.1889936, 0.1238741, 2.1528596
-0.0937500, 0.1313394, -0.1830400, 0.1267981, 2.8891190
-0.0736705, 0.1406250, -0.1910746, 0.1287910, 7.6576587
-0.0736705, 0.1406250, -0.1910746, 0.1287910, 0.0000000
-0.0625000, 0.1525735, -0.1880140, 0.1255362, 1.8667776
-0.0620096, 0.1468956, -0.1929451, 0.1285750, 2.7469997
-0.0620096, 0.1525735, -0.1929451, 0.1386719, 16.8641747
-0.0620096, 0.1525735, -0.1929451, 0.1358927, 2.0639461
-0.0557726, 0.1525735, -0.1885489, 0.1345863, 3.5250057
-0.0587591, 0.1562500, -0.1885489, 0.1296296, 0.4019369
-0.0587591, 0.1562500, -0.1885489, 0.1296296, 0.0000000
-0.0586829, 0.1592765, -0.1886965, 0.1251427, 5.2533470
-0.0557726, 0.1595228, -0.1886965, 0.1140851, 2.9359633
-0.0742188, 0.1595228, -0.2017080, 0.1210938, 3.0480683
-0.0627970, 0.1601563, -0.2017080, 0.1210938, 3.4873763
-0.0684896, 0.1658854, -0.1434001, 0.1203441, 5.0457982
-0.0810004, 0.1685296, -0.1434001, 0.1209335, 5.1315269
-0.0810004, 0.1685296, -0.1434001, 0.1209335, 0.0000000
-0.0875427, 0.1718750, -0.1476780, 0.1253695, 0.5208819
-0.0877188, 0.1216363, -0.1658363, 0.1291783, 4.4638398
-0.0877878, 0.1186234, -0.1699219, 0.1303998, 2.6357499
-0.0875703, 0.1718750, -0.1699219, 0.1386719, 3.7935530
-0.0875200, 0.1660156, -0.1780999, 0.1450110, 1.8418600
-0.0875200, 0.1660156, -0.1699219, 0.1577219, 3.2140178
-0.0875200, 0.1562500, -0.1699219, 0.1660156, 0.5850239
-0.0875200, 0.1562500, -0.1699219, 0.1660156, 0.0000000
-0.0877878, 0.1503906, -0.1699219, 0.1800277, 5.4144061
-0.0937500, 0.1406250, -0.1425781, 0.1915483, 3.3097150
-0.1001548, 0.1011886, -0.1428199, 0.1951038, 4.1282686
-0.1066176, 0.1010807, -0.1428199, 0.2061921, 5.5395664
-0.1132813, 0.1210938, -0.1428199, 0.2164434, 0.7862751
-0.1125801, 0.1056373, -0.1784882, 0.2292695, 2.8478882
-0.1064405, 0.0933933, -0.1784882, 0.2234294, 1.7071008
-0.1000206, 0.0877714, -0.1784882, 0.2307409, 11.0736212
-0.1000206, 0.0877714, -0.1784882, 0.2307409, 0.0000000
-0.0937500, 0.0898438, -0.1428199, 0.2291845, 10.1602840
-0.0937500, 0.0898438, -0.1428199, 0.2291845, 0.0000000
-0.0920839, 0.0864331, -0.1428199, 0.2292116, 5.0261709
-0.0966698, 0.0898438, -0.1904722, 0.2278326, 6.7589980
-0.0844986, 0.0898438, -0.1930722, 0.2287174, 3.7601695
-0.1063911, 0.0898438, -0.1972656, 0.2309821, 1.2149953
-0.1030395, 0.0961143, -0.1972656, 0.2273484, 11.1446056
-0.1030395, 0.0961143, -0.1972656, 0.2273484, 0.0000000
-0.1130515, 0.1210938, -0.1972656, 0.2229148, 5.4357338
-0.1163100, 0.1279871, -0.1972656, 0.2172292, 3.6763071
-0.1312300, 0.1342202, -0.1885489, 0.2172292, 7.7805693
-0.1317274, 0.1405306, -0.2017080, 0.2119176, 3.3563525
-0.1312706, 0.1464844, -0.2017080, 0.2119176, 2.8394188
-0.1314019, 0.1523438, -0.1889936, 0.2118150, 9.1565259
-0.1191406, 0.1152344, -0.2157878, 0.2149802, 7.1409165
-0.1317327, 0.1468956, -0.1787435, 0.2144662, 6.4143540
-0.1191406, 0.1403952, -0.1933594, 0.2289752, 18.1367275
-0.1191406, 0.1403952, -0.1933594, 0.2289752, 0.0000000
-0.1090634, 0.1279948, -0.1876281, 0.2206080, 7.9720096
-0.1161318, 0.1197415, -0.1839633, 0.2284610, 7.6006115
-0.1191406, 0.1334343, -0.1787435, 0.2289543, 4.0526180
-0.1191406, 0.1342231, -0.1787435, 0.2272761, 3.4530235
-0.1245829, 0.1342231, -0.1659040, 0.2250855, 6.9451736
-0.1568834, 0.1342231, -0.1886965, 0.2188101, 9.8210017
-0.1631827, 0.1215030, -0.1886965, 0.1974793, 8.7873311
-0.1699219, 0.1215030, -0.1972656, 0.2207031, 9.4920200
-0.1699219, 0.1215030, -0.1972656, 0.2207031, 0.0000000
-0.1699219, 0.1342231, -0.1972656, 0.2110978, 6.3880682
-0.1699219, 0.1343544, -0.1972656, 0.2122396, 10.3624572
-0.1699219, 0.1406250, -0.1972656, 0.2122396, 4.7889938
-0.1699219, 0.1660156, -0.2331101, 0.2089844, 4.2332884
-0.1699219, 0.1756629, -0.1570891, 0.2078072, 5.5631309
-0.1723041, 0.1812960, -0.1972656, 0.2116962, 5.8993236
-0.1723041, 0.1816406, -0.1972656, 0.2164364, 10.6557672
-0.1721471, 0.1616531, -0.1972656, 0.2161668, 2.5413212
-0.1764244, 0.1468956, -0.1885489, 0.2236690, 8.6851242
-0.1758756, 0.1471625, -0.2331757, 0.2235650, 9.7651758
-0.1762952, 0.1468956, -0.2331757, 0.2297888, 5.5541781
-0.1758756, 0.1500355, -0.2331757, 0.2303504, 4.5642917
-0.1759766, 0.1500355, -0.1972656, 0.2303504, 3.6289587
-0.1729388, 0.1509857, -0.1562500, 0.2303504, 0.5836282
-0.1726524, 0.1529772, -0.1929173, 0.2303085, 5.4747292
-0.1760077, 0.1597470, -0.1929173, 0.2290251, 4.6359695
-0.1762416, 0.1616300, -0.1513997, 0.2300681, 10.2032949
-0.1755971, 0.1626736, -0.1616498, 0.2207031, 7.2382292
-0.1695107, 0.1626736, -0.1616392, 0.2207031, 4.7143923
-0.1691634, 0.1470914, -0.1566195, 0.2115565, 7.7770337
-0.1671007, 0.1565972, -0.1562500, 0.2070638, 3.5525893
-0.1692017, 0.1597781, -0.1929101, 0.1996162, 7.4914091
-0.1695107, 0.1601563, -0.1886993, 0.1911265, 0.8756062
-0.1721471, 0.1695645, -0.1607897, 0.1822607, 9.3078754
-0.1723657, 0.1845129, -0.1612052, 0.1718163, 7.0260630
-0.1764244, 0.2010634, -0.1616512, 0.1637827, 2.9064642
-0.1791188, 0.2165179, -0.1616512, 0.1660156, 3.5312748
-0.1774740, 0.2321060, -0.1616512, 0.1537935, 9.0536452
-0.1855469, 0.2437585, -0.1612052, 0.1745164, 4.9668654
-0.1847286, 0.2480469, -0.1972656, 0.1577436, 4.9828921
-0.1949033, 0.2504865, -0.2057664, 0.1850873, 4.7748397
-0.1848958, 0.2456647, -0.1972656, 0.1431677, 9.9566480
-0.1840194, 0.2417988, -0.1886993, 0.1933594, 3.9475445
-0.1888929, 0.2319457, -0.1886993, 0.1936012, 4.9504288
-0.1888929, 0.2189154, -0.1886993, 0.1936012, 1.6446110
-0.1949033, 0.2102141, -0.1972656, 0.1978978, 5.8615289
-0.1917783, 0.2163857, -0.2016480, 0.2020761, 6.1603533
-0.1918453, 0.2226563, -0.1972656, 0.2118815, 4.3141997
-0.1918453, 0.2228535, -0.1972656, 0.2122024, 10.2625665
-0.1871302, 0.1660156, -0.1976970, 0.2025058, 4.3925430
-0.1871302, 0.2098524, -0.1976970, 0.2393302, 4.2676336
-0.2079504, 0.1976768, -0.1973958, 0.2566132, 4.6843810
-0.2207031, 0.1846788, -0.1973958, 0.2666739, 3.9700495
-0.2265625, 0.1718750, -0.1973958, 0.2657852, 4.6170574
-0.2268264, 0.1698861, -0.1973958, 0.2521856, 8.4306558
-0.2265625, 0.1718750, -0.1972656, 0.2385533, 1.2812856
-0.2205729, 0.1718750, -0.1970405, 0.2566132, 5.8311276
-0.1812722, 0.1816406, -0.1971382, 0.2566132, 8.2029134
-0.1794524, 0.1911765, -0.1972656, 0.2480469, 8.8284150
-0.1775616, 0.1972656, -0.1972656, 0.2394805, 0.3238977
-0.1775616, 0.1972656, -0.1972656, 0.2343750, 7.7206664
-0.1855469, 0.1914063, -0.1945879, 0.1944170, 5.7703760
-0.1855469, 0.1719694, -0.1656613, 0.1903409, 9.3210818
-0.1855469, 0.1720723, -0.1931801, 0.1903409, 5.0818503
-0.1855469, 0.1756629, -0.1931801, 0.1903409, 7.6712044
-0.1821861, 0.1718750, -0.1931801, 0.1915493, 4.5827753
-0.1821861, 0.1718750, -0.1835938, 0.1933594, 2.6906814
-0.1795691, 0.1660156, -0.1889936, 0.1933594, 5.0755966
-0.1760110, 0.1562500, -0.1889936, 0.1885943, 6.7683636
-0.1758756, 0.1466675, -0.1889936, 0.1886856, 4.9932026
-0.1757813, 0.1406508, -0.1889936, 0.1865813, 8.5438281
-0.1721471, 0.1213445, -0.1850420, 0.2021810, 5.4884255
-0.1721471, 0.1278212, -0.1849971, 0.2021810, 4.3769927
-0.1697917, 0.1213235, -0.1849971, 0.1801215, 7.5120502
-0.1664271, 0.1209271, -0.1835938, 0.1777396, 6.8620782
-0.1670147, 0.1237897, -0.1835938, 0.1837324, 0.2586026
-0.1670147, 0.1237897, -0.1835938, 0.1826649, 4.9966908
-0.1670147, 0.1237897, -0.1877721, 0.1721474, 1.3962853
-0.1642206, 0.1220331, -0.1851611, 0.1710852, 3.2803605
-0.1642206, 0.1205792, -0.1851611, 0.1698405, 3.3173190
-0.1620264, 0.1181962, -0.1851611, 0.1742730, 5.9274148
-0.1630541, 0.1279622, -0.1852214, 0.1733492, 4.0910781
-0.1651065, 0.1278212, -0.1880865, 0.1681153, 0.1772750
-0.1633003, 0.1343544, -0.1877858, 0.1718270, 0.2133930
-0.1601563, 0.1211881, -0.1907986, 0.1933594, 3.1212805
-0.1562500, 0.1233827, -0.1914063, 0.1661133, 7.0365269
-0.1503906, 0.1248347, -0.1882234, 0.1798302, 3.3593529
-0.1503906, 0.1278212, -0.1881585, 0.1933594, 5.0250443
-0.1391173, 0.1343544, -0.1886993, 0.1804240, 2.4933521
-0.1349123, 0.1426139, -0.1889936, 0.1753806, 3.8812184
-0.1349123, 0.1468956, -0.1886993, 0.1706218, 1.8816401
-0.1323455, 0.1525735, -0.1612052, 0.1663707, 5.5571839
-0.1508018, 0.1464844, -0.1840049, 0.1565221, 6.8888886
-0.1505208, 0.1342231, -0.1837540, 0.1595944, 3.3335335
-0.1505208, 0.1279871, -0.1786386, 0.1465580, 5.4852459
-0.1505208, 0.1152344, -0.1786386, 0.1513706, 3.1054940
-0.1505208, 0.1279762, -0.1784226, 0.1569734, 1.2700075
-0.1443015, 0.1343950, -0.1784226, 0.1493506, 5.0632030
-0.1444369, 0.1406250, -0.1784226, 0.1660156, 3.1988919
-0.1443015, 0.1464844, -0.1784226, 0.1715705, 3.6547305
-0.1386719, 0.1341146, -0.1784226, 0.1936678, 1.1333234
-0.1383515, 0.1406250, -0.1885489, 0.2020761, 4.0769322
-0.1318685, 0.1135267, -0.1886993, 0.2020761, 5.7016014
-0.0979465, 0.1026476, -0.1760417, 0.2071567, 5.9495275
-0.1250000, 0.1027074, -0.1784226, 0.2207031, 4.7203818
-0.0937500, 0.1025862, -0.1784226, 0.2249146, 1.8321096
-0.0904499, 0.0975351, -0.1784226, 0.2294199, 0.2014294
-0.0904499, 0.0969292, -0.1702770, 0.2292695, 5.6824020
-0.0904499, 0.0958333, -0.1794154, 0.2207031, 2.7554684
-0.0839844, 0.0926252, -0.1794154, 0.2163207, 5.3381333
-0.0753670, 0.1152344, -0.1658363, 0.2118815, 4.5651633
-0.0747613, 0.1216077, -0.1972656, 0.2070313, 3.6163278
-0.0797270, 0.1212910, -0.1658363, 0.2023753, 5.5725203
-0.0797270, 0.1272735, -0.1699219, 0.1977720, 4.8928933
-0.0781250, 0.1278212, -0.1836597, 0.1846427, 1.9514012
-0.0792535, 0.1344453, -0.1972656, 0.1848958, 0.3234066
-0.0714561, 0.1343544, -0.1972656, 0.1848958, 5.7341053
-0.0743850, 0.0898438, -0.1922593, 0.1695376, 4.2546634
-0.0750332, 0.1279622, -0.1901266, 0.1693829, 3.4856720
-0.0723046, 0.1212910, -0.1860156, 0.1661458, 2.2050349
-0.0714518, 0.0870961, -0.1860156, 0.1705367, 7.0300925
-0.0717895, 0.1093750, -0.1844266, 0.1755092, 1.2431092
-0.0809462, 0.1024816, -0.1839633, 0.1755092, 5.4593027
-0.0748522, 0.0962486, -0.1842286, 0.1755092, 2.3846787
-0.0748522, 0.0898438, -0.1839633, 0.1755092, 6.6897830
-0.0748522, 0.0823940, -0.1839633, 0.1751013, 3.0490807
-0.0717895, 0.0824919, -0.1805493, 0.1756210, 3.2787542
-0.0683594, 0.0817128, -0.1805493, 0.1722725, 5.8626165
-0.0655104, 0.0798664, -0.1802714, 0.1706458, 0.0834711
-0.0649721, 0.0795120, -0.1796372, 0.1660156, 2.5218150
-0.0625000, 0.0755705, -0.1784347, 0.1660156, 1.1952006
-0.0556641, 0.0751112, -0.1763997, 0.1660156, 0.1265297
-0.0507503, 0.0722011, -0.1791456, 0.1455966, 3.5639979
-0.0518309, 0.0642040, -0.1761103, 0.1436318, 1.1086099
-0.0514010, 0.0608408, -0.1821657, 0.1446449, 0.8085879
-0.0499315, 0.0725628, -0.1792815, 0.1574973, 2.3117420
-0.0492393, 0.0728299, -0.1909817, 0.1576936, 2.5005557
-0.0429688, 0.0709459, -0.1812047, 0.1576936, 4.2233230
-0.0446027, 0.0709459, -0.1852533, 0.1566387, 0.5774596
-0.0401643, 0.0703125, -0.1858631, 0.1482772, 3.5747844
-0.0396968, 0.0677951, -0.1855413, 0.1478572, 0.5490720
-0.0396968, 0.0644531, -0.1855413, 0.1478572, 0.8788191
-0.0396968, 0.0617440, -0.1855413, 0.1396831, 3.4022881
-0.0382018, 0.0585938, -0.1839633, 0.1412795, 0.5415065
-0.0365488, 0.0585938, -0.1887649, 0.1442962, 0.2551070
-0.0364429, 0.0585938, -0.1890561, 0.1475787, 1.4802370
-0.0369792, 0.0585938, -0.1890561, 0.1475787, 0.0883755
-0.0346267, 0.0585938, -0.1859900, 0.1478572, 2.3344372
-0.0344134, 0.0585938, -0.1890561, 0.1478572, 3.0431664
-0.0346267, 0.0585938, -0.1859900, 0.1478572, 0.2935567
-0.0367653, 0.0613489, -0.1854675, 0.1478572, 0.1198831
-0.0367653, 0.0613489, -0.1854675, 0.1478572, 0.0239134
-0.0385269, 0.0613489, -0.1854675, 0.1396831, 0.1208909
-0.0373819, 0.0644531, -0.1854675, 0.1396831, 0.9010759
-0.0367653, 0.0644531, -0.1854675, 0.1405587, 0.4960657
-0.0367653, 0.0644531, -0.1854675, 0.1405587, 0.0000000
-0.0344134, 0.0644531, -0.1837713, 0.1565221, 2.1824974
-0.0344134, 0.0644531, -0.1837713, 0.1565221, 0.0000000
-0.0344134, 0.0644531, -0.1837713, 0.1574828, 2.9509515
-0.0367653, 0.0644531, -0.1854675, 0.1574828, 0.1475804
-0.0367653, 0.0644531, -0.1854675, 0.1574828, 0.1672468
-0.0367653, 0.0644531, -0.1854675, 0.1574828, 0.1866225
-0.0367653, 0.0644531, -0.1854675, 0.1574828, 4.5029869
-0.0367653, 0.0644531, -0.1854675, 0.1574828, 0.0000000
-0.0367653, 0.0644531, -0.1854675, 0.1574828, 2.0209012
-0.0367653, 0.0666140, -0.1854675, 0.1566387, 4.3465967
-0.0367082, 0.0666140, -0.1854675, 0.1660156, 2.0000715
-0.0344134, 0.0666140, -0.1854675, 0.1619301, 4.1542541
-0.0344134, 0.0678832, -0.1854675, 0.1619301, 0.0847166
-0.0341387, 0.0678832, -0.1854675, 0.1718492, 2.0580018
-0.0333258, 0.0707012, -0.1854675, 0.1718492, 0.1096758
-0.0346263, 0.0707012, -0.1854675, 0.1757813, 0.1135999
-0.0334889, 0.0707012, -0.1890561, 0.1747324, 0.4001926
-0.0334889, 0.0707012, -0.1890561, 0.1672665, 2.0590811
-0.0334889, 0.0709459, -0.1890561, 0.1839824, 1.8084746
-0.0306739, 0.0709459, -0.1890561, 0.1850374, 1.8100067
-0.0288693, 0.0709459, -0.1887649, 0.1850374, 1.6301121
-0.0238467, 0.0709459, -0.1887649, 0.1847930, 0.7021542
-0.0237247, 0.0709459, -0.1887649, 0.1933594, 0.5348757
-0.0237247, 0.0709459, -0.1887649, 0.1937145, 2.3671704
-0.0238467, 0.0703125, -0.1887649, 0.1933594, 1.0456704
-0.0238467, 0.0703125, -0.1887649, 0.1933594, 0.9669029
-0.0365488, 0.0703125, -0.1884651, 0.1801722, 0.3323007
-0.0361040, 0.0703125, -0.1884651, 0.1855179, 1.7112315
-0.0361040, 0.0703125, -0.1884651, 0.1856545, 1.0250413
-0.0361040, 0.0703125, -0.1884651, 0.1880165, 0.0512952
-0.0361040, 0.0703125, -0.1884651, 0.1867565, 0.9205801
-0.0368719, 0.0705997, -0.1884651, 0.1933594, 0.8783283
-0.0368719, 0.0708550, -0.1884651, 0.2112439, 1.6424957
-0.0368719, 0.0708550, -0.1884651, 0.2112439, 4.7270270
-0.0337862, 0.0708550, -0.1884651, 0.1937357, 2.6557699
-0.0368719, 0.0708550, -0.1884651, 0.1969187, 2.3777904
-0.0368719, 0.0708550, -0.1884651, 0.1970350, 3.5250699
-0.0368719, 0.0708550, -0.1884651, 0.1998303, 2.9092762
-0.0368719, 0.0708550, -0.1884651, 0.1982635, 1.0268540
-0.0368719, 0.0708550, -0.1884651, 0.1994759, 1.2586408
-0.0238467, 0.0708550, -0.1887649, 0.1996925, 1.3023734
-0.0385890, 0.0708550, -0.1887649, 0.2074360, 2.1648744
-0.0430631, 0.0708550, -0.1887649, 0.2074360, 2.5004949
-0.0430631, 0.0728607, -0.1886965, 0.2128824, 4.2146420
-0.0430359, 0.0708550, -0.1886965, 0.2076168, 6.1719961
-0.0430359, 0.0707031, -0.1886965, 0.2097831, 0.1170575
-0.0430359, 0.0709459, -0.1886965, 0.2207238, 2.7977349
-0.0430631, 0.0709459, -0.1886965, 0.2207238, 0.1598582
-0.0557726, 0.0709459, -0.1886965, 0.2207238, 2.4544138
-0.0557726, 0.0709459, -0.1886965, 0.2204683, 0.0446125
-0.0557726, 0.0742188, -0.1886965, 0.2206130, 1.2259425
-0.0557726, 0.0781250, -0.1886965, 0.1965017, 6.1762643
-0.0557726, 0.0770718, -0.1886965, 0.1933594, 2.8073436
-0.0557726, 0.0770718, -0.1886965, 0.1951030, 1.8510374
-0.0557726, 0.0770718, -0.1886965, 0.2109638, 4.4887628
-0.0368719, 0.0770718, -0.1884651, 0.1992764, 4.1054547
-0.0260122, 0.0770718, -0.1884651, 0.1933594, 2.7793031
-0.0267623, 0.0770718, -0.1886993, 0.1932292, 2.1556025
-0.0252511, 0.0770718, -0.1886993, 0.1850873, 1.7832802
-0.0255159, 0.0770718, -0.1878887, 0.1847816, 4.2808449
-0.0248052, 0.0770718, -0.1894531, 0.1847816, 1.0702040
-0.0257531, 0.0770718, -0.1894531, 0.1835938, 0.3581810
-0.0245340, 0.0770718, -0.1879006, 0.1696940, 1.7778428
-0.0238467, 0.0630279, -0.1887649, 0.1660156, 4.3859473
-0.0234375, 0.0677966, -0.1887649, 0.1753806, 2.2453642
-0.0182708, 0.0834389, -0.1887711, 0.1541016, 2.8993529
-0.0259415, 0.0898438, -0.1889936, 0.1577436, 1.1054320
-0.0238467, 0.0751112, -0.1889936, 0.1644438, 2.7041728
-0.0241386, 0.0807292, -0.1889936, 0.1835938, 2.8491965
-0.0310202, 0.0855512, -0.1887711, 0.1676566, 3.2540541
-0.0239323, 0.0898072, -0.1883719, 0.1933594, 2.2087656
-0.0238467, 0.0898952, -0.1889936, 0.1933594, 1.1054123
-0.0241386, 0.1128522, -0.1887649, 0.1933594, 3.2986817
-0.0304591, 0.1152344, -0.1887649, 0.1991611, 4.3026732
-0.0493736, 0.1176166, -0.1887649, 0.1994067, 4.6771767
-0.0559896, 0.1182893, -0.1911515, 0.2162784, 3.0282174
-0.0625000, 0.1182893, -0.1911515, 0.2207031, 0.7026711
-0.0683594, 0.1152344, -0.1933594, 0.2249628, 1.4570279
-0.0371094, 0.1152344, -0.1887649, 0.2393302, 3.9650531
-0.0744818, 0.1152344, -0.1927698, 0.2437811, 2.6070696
-0.0289503, 0.1152344, -0.1887649, 0.2437811, 4.6382083
-0.0683594, 0.1152344, -0.1972656, 0.2397748, 3.7256301
-0.0683594, 0.1152344, -0.1887649, 0.2295247, 1.0913202
-0.0587121, 0.1152344, -0.1884440, 0.2207031, 6.1973311
-0.0364306, 0.1152344, -0.1887649, 0.2018601, 3.3894958
-0.0338936, 0.1152344, -0.1887649, 0.1890936, 5.6617556
-0.0556315, 0.1152344, -0.1887649, 0.1850873, 3.7021951
-0.0625000, 0.1152344, -0.1884440, 0.1843171, 5.9814052
-0.0625000, 0.1250000, -0.1887649, 0.1843171, 2.5573185
-0.0625000, 0.1250000, -0.1887649, 0.1850873, 6.6835045
-0.0618666, 0.1250000, -0.1889936, 0.1745164, 5.8297124
-0.0618666, 0.1532629, -0.1894531, 0.1705367, 3.0207846
-0.0625000, 0.1683449, -0.1888648, 0.1705367, 6.9272788
-0.0625000, 0.1718750, -0.1887649, 0.1705367, 1.9536036
-0.0625000, 0.1757813, -0.1887649, 0.1705367, 6.5272823
-0.0655175, 0.1656044, -0.1889936, 0.1691919, 0.7326477
-0.0625000, 0.1599265, -0.1887649, 0.1663707, 6.5283451
-0.0625000, 0.1406250, -0.1887649, 0.1579055, 6.8310685
-0.0683594, 0.1250728, -0.1889232, 0.1748012, 3.3280082
-0.0683594, 0.1285904, -0.1885653, 0.1753926, 2.4102380
-0.0683594, 0.1405306, -0.1889936, 0.1750264, 4.3216990
-0.0683594, 0.1405306, -0.1889936, 0.1845738, 4.7534368
-0.0683594, 0.1405306, -0.1889936, 0.1848958, 0.1502807
-0.0375985, 0.1405306, -0.1885489, 0.1937145, 6.1801251
-0.0390625, 0.1466146, -0.1885489, 0.1934820, 2.3025143
-0.0620908, 0.1468956, -0.1886993, 0.1935317, 5.0086381
-0.0620908, 0.1523438, -0.1886993, 0.1933594, 3.1015499
-0.0371094, 0.1532235, -0.1886965, 0.1933594, 6.1803015
-0.0336524, 0.1575521, -0.1453097, 0.1933594, 6.2084369
-0.0353769, 0.1594551, -0.1913747, 0.1962253, 5.2674243
-0.0332031, 0.1594551, -0.1885231, 0.1962253, 2.1605558
-0.0351166, 0.1601563, -0.1919626, 0.1933594, 0.1147473
-0.0377210, 0.1601563, -0.1912405, 0.1903754, 1.2026058
-0.0431034, 0.1601563, -0.1922930, 0.1843171, 6.6869028
-0.0398220, 0.1601563, -0.1865485, 0.1843171, 8.0323198
-0.0488281, 0.1601563, -0.1933594, 0.1843171, 4.1913689
-0.0488281, 0.1601563, -0.1933594, 0.1886936, 3.9813844
-0.0527344, 0.1601563, -0.1927698, 0.1848586, 8.0818630
-0.0516737, 0.1616403, -0.1945371, 0.1797991, 7.9643811
-0.0537760, 0.1622179, -0.1928832, 0.1794162, 3.4704562
-0.0537760, 0.1622179, -0.1928832, 0.1757813, 0.1547024
-0.0557664, 0.1622179, -0.1886965, 0.1757813, 0.2396201
-0.0467566, 0.1594551, -0.1928832, 0.1646400, 0.1926367
-0.0429688, 0.1562500, -0.1886965, 0.1646400, 0.1501121
-0.0499094, 0.1502821, -0.1886993, 0.1605705, 0.9282035
-0.0524593, 0.1429098, -0.1889936, 0.1118862, 3.7660974
-0.0551409, 0.1406250, -0.1933594, 0.1663707, 4.6630768
-0.0502393, 0.1342202, -0.1930542, 0.1663978, 5.6915709
-0.0511219, 0.1345703, -0.1929998, 0.1619466, 1.2180744
-0.0497447, 0.1273643, -0.1933594, 0.1574662, 2.2520688
-0.0632990, 0.1279762, -0.1929998, 0.1524621, 2.2999174
-0.0621113, 0.1089920, -0.1840240, 0.1516565, 1.8848689
-0.0625000, 0.1091452, -0.1889936, 0.1337450, 2.0302327
-0.0622702, 0.1091452, -0.1889936, 0.1301136, 0.3065958
-0.0622702, 0.1088325, -0.1839633, 0.1321032, 0.2317017
-0.0601647, 0.1087416, -0.1839633, 0.1250640, 1.1278022
-0.0593344, 0.1057219, -0.1840519, 0.1169614, 3.7348150
-0.0563965, 0.1036166, -0.1889936, 0.1117877, 1.4009420
-0.0563965, 0.1027902, -0.1839844, 0.1029913, 5.4953282
-0.0554392, 0.1027902, -0.1884440, 0.0931697, 3.4007451
-0.0546875, 0.1027902, -0.1839844, 0.0842055, 0.2906385
-0.0546875, 0.1027902, -0.1839844, 0.0747421, 0.5949612
-0.0284442, 0.1027902, -0.1796722, 0.0736163, 5.0782943
-0.0277855, 0.1027902, -0.1796722, 0.0662460, 3.5218719
-0.0255566, 0.1027902, -0.1796722, 0.0599216, 0.1649099
-0.0279556, 0.1027902, -0.1796722, 0.0568900, 4.8451439
-0.0263240, 0.1027902, -0.1835938, 0.0480957, 0.1724216
-0.0280845, 0.1036166, -0.1839844, 0.0480957, 0.1011347
-0.0080476, 0.1036166, -0.1791088, 0.0484776, 3.3031614
-0.0080476, 0.1036166, -0.1791088, 0.0438293, 0.0652681
-0.0175781, 0.1036166, -0.1885489, 0.0390625, 2.0453478
-0.0175781, 0.1056341, -0.1882234, 0.0384693, 1.1196642
-0.0234375, 0.1056341, -0.1882234, 0.0384693, 0.0775583
-0.0234375, 0.1087416, -0.1839633, 0.0423378, 4.5095721
-0.0191025, 0.1091452, -0.1889936, 0.0423378, 2.4368186
-0.0179893, 0.1087416, -0.1839633, 0.0423378, 4.2929948
-0.0234375, 0.1087416, -0.1839633, 0.0423378, 0.1778109
-0.0206824, 0.1091452, -0.1889936, 0.0456326, 0.1372412
-0.0234375, 0.1091452, -0.1889936, 0.0479449, 0.3029424
-0.0234375, 0.1091452, -0.1889936, 0.0479449, 0.2071265
-0.0234375, 0.1087416, -0.1839633, 0.0487768, 0.0766617
-0.0234375, 0.1087416, -0.1839633, 0.0507060, 0.1096662
-0.0234375, 0.1087416, -0.1839633, 0.0519578, 0.0650412
-0.0080476, 0.1091452, -0.1791088, 0.0557440, 4.7262485
-0.0080476, 0.1091452, -0.1791088, 0.0605785, 0.0609497
-0.0175781, 0.1087416, -0.1839633, 0.0599036, 2.1342120
-0.0175781, 0.1091452, -0.1889936, 0.0662727, 1.0619940
-0.0095741, 0.1091452, -0.1791088, 0.0666233, 0.1601554
-0.0095741, 0.1091452, -0.1791088, 0.0733869, 0.1504523
-0.0080476, 0.1091452, -0.1791088, 0.0772693, 0.0870975
-0.0080476, 0.1091452, -0.1791088, 0.0807927, 1.2288773
-0.0080476, 0.1087416, -0.1791088, 0.0793915, 0.1454623
-0.0080476, 0.1087416, -0.1791088, 0.0883163, 0.2069900
-0.0198881, 0.1087416, -0.1839633, 0.1113281, 2.1773001
-0.0492393, 0.1087416, -0.1839633, 0.0859622, 4.9782494
-0.0489583, 0.1118924, -0.1877721, 0.0975088, 2.1336723
-0.0191313, 0.1152344, -0.1791088, 0.0968582, 5.2336415
-0.0196225, 0.1152344, -0.1791088, 0.0927876, 1.6233804
-0.0207174, 0.1152344, -0.1791088, 0.1062038, 0.9802486
-0.0189370, 0.1152344, -0.1884440, 0.1028510, 3.5676639
-0.0208241, 0.1152344, -0.1884440, 0.1025363, 0.1121801
-0.0163897, 0.1152344, -0.1791088, 0.1432103, 1.1345250
-0.0166415, 0.1152344, -0.1791088, 0.1480369, 0.1222154
-0.0186564, 0.1152344, -0.1791088, 0.1523438, 3.4474533
-0.0148472, 0.1182893, -0.1791088, 0.1577436, 3.7458715
-0.0145116, 0.1189153, -0.1791088, 0.1622721, 2.4709217
-0.0160250, 0.1196200, -0.1791088, 0.1663707, 0.1962710
-0.0151344, 0.1213235, -0.1791088, 0.1614772, 1.1513878
-0.0126353, 0.1211881, -0.1791088, 0.1474574, 5.6511744
-0.0316520, 0.1195228, -0.1909392, 0.1703869, 1.4671435
-0.0491536, 0.1186370, -0.1876603, 0.1703869, 0.9654928
-0.0511498, 0.1152344, -0.1933594, 0.1850873, 0.2105445
-0.0513912, 0.1152344, -0.1933594, 0.1799588, 6.3457432
-0.0546875, 0.1086739, -0.1931691, 0.1799588, 2.9526632
-0.0546875, 0.1093750, -0.1972656, 0.1799588, 0.1356943
-0.0546875, 0.0937658, -0.1876255, 0.1748012, 3.4078868
-0.0546875, 0.0923224, -0.1876255, 0.1749038, 0.1656155
-0.0082674, 0.0908414, -0.1773438, 0.1787931, 6.6876354
-0.0082674, 0.0894047, -0.1791088, 0.1843171, 1.5669965
-0.0084186, 0.0876991, -0.1791088, 0.1843171, 0.0658346
-0.0082674, 0.0839844, -0.1791088, 0.1875258, 0.1330973
-0.0082674, 0.0804258, -0.1791088, 0.1890988, 0.7730180
-0.0075521, 0.0793247, -0.1534979, 0.1878272, 0.9127267
-0.0492393, 0.0804258, -0.1829061, 0.1933594, 3.3048521
-0.0492393, 0.0804258, -0.1839844, 0.1933594, 6.4478515
-0.0492393, 0.0804258, -0.1829061, 0.1953125, 0.5184502
-0.0491485, 0.0804258, -0.1829061, 0.1977418, 0.9072610
-0.0491485, 0.0804258, -0.1829061, 0.2020761, 0.1612818
-0.0491485, 0.0804258, -0.1839676, 0.2044960, 6.4117596
-0.0114890, 0.0804258, -0.1425846, 0.2070313, 5.2223903
-0.0114890, 0.0804258, -0.1534979, 0.2070313, 0.1971902
-0.0135472, 0.0804258, -0.1534979, 0.2080009, 0.1559166
-0.0429688, 0.0804258, -0.1839676, 0.2066617, 2.7970755
-0.0429688, 0.0804258, -0.1839676, 0.2024397, 3.4347360
-0.0429688, 0.0816499, -0.1839676, 0.2111328, 2.3105494
-0.0429688, 0.0816499, -0.1839676, 0.2111328, 0.0659373
-0.0429688, 0.0816499, -0.1839676, 0.2122024, 5.2088087
-0.0429688, 0.0816499, -0.1839676, 0.2207031, 0.4424020
-0.0429688, 0.0818315, -0.1839676, 0.2207031, 0.1111090
-0.0429688, 0.0818315, -0.1839676, 0.2207031, 1.2879435
-0.0429688, 0.0815396, -0.1839676, 0.2207031, 0.1252000
-0.0408132, 0.0818315, -0.1839676, 0.2207031, 0.1472711
-0.0429688, 0.0818315, -0.1839676, 0.2207031, 0.2120424
-0.0429688, 0.0818315, -0.1839676, 0.2159564, 0.0723308
-0.0429688, 0.0804258, -0.1839676, 0.1960407, 1.1198768
-0.0429688, 0.0804258, -0.1839676, 0.1973933, 0.0437868
-0.0429688, 0.0816499, -0.1839676, 0.2159564, 2.6041839
-0.0429688, 0.0816499, -0.1839676, 0.2159564, 0.0987516
-0.0429688, 0.0833107, -0.1839676, 0.2109375, 0.0581433
-0.0429688, 0.0804258, -0.1839676, 0.1991205, 6.0625399
-0.0429688, 0.0804258, -0.1839676, 0.1919722, 2.8088630
-0.0429688, 0.0854167, -0.1839676, 0.2031250, 2.4006644
-0.0429688, 0.0854167, -0.1839676, 0.2031250, 1.0664207
-0.0429688, 0.0854167, -0.1839676, 0.1972656, 0.2522685
-0.0429688, 0.0854167, -0.1793737, 0.1933594, 6.4475100
-0.0082674, 0.0882741, -0.1793737, 0.1894531, 4.4530426
-0.0493736, 0.0882741, -0.1793737, 0.1894531, 2.2749547
-0.0491485, 0.0882741, -0.1793737, 0.1811323, 0.1156031
-0.0493736, 0.0882741, -0.1793737, 0.1811323, 0.1640942
-0.0493736, 0.0882741, -0.1793737, 0.1811323, 0.0556751
-0.0088976, 0.0862096, -0.1813470, 0.1933594, 5.6211623
-0.0103122, 0.0862096, -0.1813470, 0.1933594, 0.1119062
-0.0082674, 0.0898438, -0.1793737, 0.1937145, 2.6246927
-0.0429688, 0.0898438, -0.1846694, 0.1937145, 2.7763497
-0.0429688, 0.0898438, -0.1846694, 0.1937145, 4.7699025
-0.0088976, 0.0898438, -0.1813470, 0.1933594, 1.0741606
-0.0203273, 0.0898438, -0.1823389, 0.1933594, 1.5744638
-0.0275362, 0.0898438, -0.1846694, 0.1933594, 0.1453013
-0.0127232, 0.0898438, -0.1846694, 0.1933594, 5.8689164
-0.0122230, 0.0898438, -0.1837256, 0.1933594, 0.1563936
-0.0122230, 0.0898438, -0.1837256, 0.1933594, 0.1803567
-0.0130921, 0.0898438, -0.1820230, 0.1933594, 0.9251235
-0.0201410, 0.0898438, -0.1820230, 0.1933594, 1.1906904
-0.0201410, 0.0898438, -0.1820230, 0.1933594, 2.2241165
-0.0165995, 0.0898438, -0.1792306, 0.1933594, 0.9654115
-0.0165995, 0.0932594, -0.1792306, 0.1933594, 1.7536921
-0.0231236, 0.0887187, -0.1824413, 0.1785687, 4.8525973
-0.0197289, 0.0961143, -0.1824413, 0.1933594, 4.3867025
-0.0197289, 0.0961143, -0.1824413, 0.1933594, 1.0920468
-0.0275254, 0.0961143, -0.1824413, 0.1933594, 1.7352666
-0.0275254, 0.0961143, -0.1824413, 0.1933594, 0.0000000
-0.0275254, 0.0966797, -0.1824413, 0.1933594, 1.2261877
-0.0275254, 0.0991601, -0.1824413, 0.1933594, 0.1300145
-0.0275254, 0.0991601, -0.1824413, 0.1933594, 1.3664614
-0.0219196, 0.0996094, -0.1824413, 0.1933594, 6.5058822
-0.0252447, 0.0996094, -0.1817080, 0.1933594, 2.2178441
-0.0252447, 0.1018534, -0.1817080, 0.1934840, 0.1007372
-0.0252447, 0.1018534, -0.1817080, 0.1934840, 0.1036089
-0.0259577, 0.1026476, -0.1817080, 0.1937415, 2.1527841
-0.0259577, 0.1026476, -0.1817080, 0.1937415, 0.1115816
-0.0252447, 0.1026476, -0.1817080, 0.1937415, 0.0348628
-0.0252447, 0.1054688, -0.1817080, 0.1933594, 0.0437631
-0.0252447, 0.1080440, -0.1817080, 0.1800293, 5.1302275
-0.0252447, 0.1080440, -0.1817080, 0.1800293, 0.1067163
-0.0252447, 0.1080440, -0.1817080, 0.1800293, 0.0624024
-0.0252447, 0.1080440, -0.1817080, 0.1768663, 0.9675373
-0.0252447, 0.1097961, -0.1817080, 0.1775951, 0.0923466
-0.0252447, 0.1097961, -0.1817080, 0.1775951, 0.1272487
-0.0252447, 0.1112202, -0.1817080, 0.1802048, 0.8332867
-0.0252447, 0.1112202, -0.1817080, 0.1802048, 0.0691879
-0.0252447, 0.1112202, -0.1817080, 0.1802048, 0.0221598
-0.0252447, 0.1112202, -0.1817080, 0.1802048, 0.0366441
-0.0252447, 0.1112202, -0.1817080, 0.1802048, 0.9361641
-0.0252447, 0.1093239, -0.1817080, 0.1802048, 2.2840621
-0.0310202, 0.1117301, -0.1817080, 0.1802048, 1.2106578
-0.0310202, 0.1117301, -0.1817080, 0.1802048, 1.7534883
-0.0312500, 0.1117301, -0.1817080, 0.1802048, 4.3028652
-0.0456806, 0.1120704, -0.1817080, 0.1802048, 1.4399730
-0.0492393, 0.1120704, -0.1817080, 0.1802048, 1.6798204
-0.0492393, 0.1091873, -0.1817080, 0.1780804, 2.4950386
-0.0496436, 0.1091873, -0.1817080, 0.1780804, 1.3253394
-0.0530006, 0.1091873, -0.1817080, 0.1780804, 2.0128278
-0.0528274, 0.1061112, -0.1817080, 0.1794162, 1.2970088
-0.0528274, 0.1092040, -0.1823348, 0.1905119, 2.8007055
-0.0528274, 0.1022194, -0.1817080, 0.1794162, 2.7634901
-0.0528274, 0.1008564, -0.1817080, 0.1806503, 1.8084402
-0.0528274, 0.1152344, -0.1817080, 0.1794162, 4.1864313
-0.0552165, 0.1216077, -0.1835938, 0.1891403, 3.4536853
-0.0552165, 0.1279622, -0.1817080, 0.1794162, 5.1751917
-0.0512068, 0.1343544, -0.1817080, 0.1810032, 1.0781861
-0.0494031, 0.1343544, -0.1817080, 0.1719276, 1.5913401
-0.0473892, 0.1406250, -0.1839676, 0.1660156, 7.4877533
-0.0457851, 0.1406250, -0.1837540, 0.1848586, 1.0026052
-0.0448416, 0.1406250, -0.1837540, 0.1848586, 0.8060676
-0.0448416, 0.1406250, -0.1773123, 0.1800570, 5.3392893
-0.0448416, 0.1406250, -0.1773123, 0.1800570, 0.1023554
-0.0420525, 0.1464844, -0.1801215, 0.1800570, 2.4580921
-0.0420525, 0.1466675, -0.1768701, 0.1848586, 4.7474993
-0.0185359, 0.1466675, -0.1768701, 0.1848586, 1.1883676
-0.0185359, 0.1466675, -0.1759555, 0.1848586, 0.3223553
-0.0138958, 0.1498884, -0.1759555, 0.1848586, 0.0945201
-0.0429430, 0.1498884, -0.1759555, 0.1848586, 2.3428964
-0.0286363, 0.1498884, -0.1784882, 0.1485174, 4.5941616
-0.0331755, 0.1528863, -0.1745877, 0.1541419, 1.4486180
-0.0328215, 0.1562500, -0.1741943, 0.1471113, 5.4129772
-0.0377404, 0.1562500, -0.1741943, 0.1411097, 0.1319224
-0.0356871, 0.1548611, -0.1701637, 0.1471726, 7.3670021
-0.0356871, 0.1562500, -0.1251936, 0.1390434, 5.2890394
-0.0370811, 0.1545101, -0.1765813, 0.1746707, 1.8705168
-0.0370811, 0.1526521, -0.1213899, 0.1746707, 6.4560841
-0.0154197, 0.1563127, -0.1765813, 0.1746707, 3.8732180
-0.0409226, 0.1607599, -0.1201846, 0.1746707, 1.3869105
-0.0401643, 0.1754853, -0.1765813, 0.1746707, 4.7242923
-0.0401643, 0.1781456, -0.1787435, 0.1746707, 5.3546089
-0.0310815, 0.1781456, -0.1759555, 0.1798986, 6.0000668
-0.0683594, 0.1816406, -0.1787109, 0.1808822, 4.4151845
-0.0359504, 0.1782769, -0.1759555, 0.1847930, 5.0681813
-0.0336793, 0.1782769, -0.1759555, 0.1933594, 1.2539458
-0.0336793, 0.1782769, -0.1759555, 0.2021810, 0.2099303
-0.0429688, 0.1783854, -0.1784882, 0.2118815, 5.1771767
-0.0683594, 0.1782769, -0.1884440, 0.2164434, 3.4123409
-0.0748522, 0.1782769, -0.1791855, 0.1973256, 6.4690306
-0.0808036, 0.1845129, -0.1743345, 0.1951278, 1.0096691
-0.0808036, 0.1845129, -0.1743345, 0.2057598, 7.7436319
-0.0747327, 0.1845129, -0.1794017, 0.1934896, 4.8123368
-0.0683594, 0.1845129, -0.1702303, 0.1770035, 8.0139576
-0.0556315, 0.1845129, -0.1660156, 0.1845259, 6.5859492
-0.0490813, 0.1851256, -0.1885489, 0.1978524, 4.7792986
-0.0371094, 0.1851256, -0.1885489, 0.2020761, 0.4019948
-0.0301649, 0.1846788, -0.1660156, 0.2025506, 6.4510621
-0.0301649, 0.1972656, -0.1699219, 0.2207031, 3.0920204
-0.0301649, 0.2035319, -0.1885489, 0.2207031, 2.1539860
-0.0364479, 0.2167969, -0.1660156, 0.2207031, 7.0322945
-0.0299608, 0.1782769, -0.1592140, 0.2207031, 4.6536152
-0.0236673, 0.2226563, -0.1563414, 0.2121368, 2.8542915
-0.0366982, 0.1718750, -0.1702303, 0.1610964, 2.7437575
-0.0246825, 0.2166667, -0.1527686, 0.1796875, 3.8188045
-0.0398399, 0.1702137, -0.1886993, 0.1617559, 4.3220670
-0.0412477, 0.1742393, -0.1886993, 0.1660156, 0.4020941
-0.0366982, 0.1718750, -0.1886993, 0.1373448, 7.7796084
-0.0366982, 0.1816406, -0.1886993, 0.1484375, 2.1510018
-0.0366982, 0.1844146, -0.1886993, 0.1574653, 5.1377334
-0.0371590, 0.1842052, -0.1886993, 0.1517832, 8.0686801
-0.0366982, 0.1851357, -0.1886993, 0.1486107, 3.7460941
-0.0366982, 0.1879129, -0.1886993, 0.1750316, 4.0670024
-0.0493736, 0.1914063, -0.1886993, 0.1750316, 5.1178966
-0.0366982, 0.1972656, -0.1886993, 0.1608227, 1.3146268
-0.0366982, 0.1972656, -0.1886993, 0.1641825, 8.0964351
-0.0366982, 0.2167969, -0.1886993, 0.1783272, 7.0190035
-0.0350893, 0.2226563, -0.1786386, 0.1663240, 4.0900610
-0.0350511, 0.1783854, -0.1886993, 0.1663240, 5.2318395
-0.0330442, 0.1841927, -0.1886993, 0.1663240, 1.1293391
-0.0349146, 0.1841927, -0.1886993, 0.1663240, 2.0589258
-0.0319338, 0.1810873, -0.1886993, 0.1805091, 3.4227728
-0.0309728, 0.1756629, -0.1621094, 0.1753528, 1.0428752
-0.0347656, 0.1756629, -0.1699219, 0.1775144, 4.8572544
-0.0353695, 0.1791016, -0.1515941, 0.1663707, 3.1186377
-0.0398399, 0.1819662, -0.1616498, 0.1694044, 4.3689942
-0.0398399, 0.1819662, -0.1616498, 0.1694044, 0.0000000
-0.0449697, 0.1819662, -0.1616498, 0.1577436, 2.5366631
-0.0683594, 0.1846869, -0.1885489, 0.1592459, 4.1487790
-0.0747613, 0.1846869, -0.1885489, 0.1663707, 1.5676840
-0.0720264, 0.1846869, -0.1884440, 0.1596146, 2.7347347
-0.0774093, 0.1846869, -0.1933594, 0.1596146, 2.8775233
-0.0786638, 0.1812609, -0.1933594, 0.1621131, 0.9234523
-0.0797041, 0.1812609, -0.1933594, 0.1596425, 1.2961389
-0.0750200, 0.1812609, -0.1933594, 0.1576930, 3.4692609
-0.0717172, 0.1812609, -0.1877830, 0.1522923, 3.1369643
-0.0690362, 0.1845129, -0.1876628, 0.1537425, 6.2090537
-0.0763047, 0.1845129, -0.1879162, 0.1486642, 4.6856497
-0.0850451, 0.1912090, -0.1930059, 0.1483191, 3.4454067
-0.0849946, 0.1912090, -0.1930059, 0.1432103, 6.6758604
-0.0896969, 0.1942107, -0.1930059, 0.1389212, 1.4977822
-0.0943956, 0.1996610, -0.1930059, 0.1388442, 2.4153851
-0.1012233, 0.1989547, -0.1930059, 0.1297463, 1.9582542
-0.1128720, 0.2190221, -0.2109375, 0.1297463, 5.1035752
-0.1121217, 0.2264441, -0.1930059, 0.1232440, 1.8669492
-0.1159707, 0.2319457, -0.1930059, 0.1247939, 3.5267074
-0.1223296, 0.2353051, -0.1894531, 0.1212532, 0.3259218
-0.1250944, 0.2415541, -0.1933594, 0.1325498, 4.6824997
-0.1252790, 0.2415541, -0.1933594, 0.1296618, 4.9109619
-0.1191406, 0.2415541, -0.1933594, 0.1386719, 4.6664643
-0.1191406, 0.1972656, -0.1978111, 0.1109158, 4.6950627
-0.0900040, 0.2356027, -0.1621094, 0.1457055, 6.0295684
-0.1420290, 0.2289268, -0.1992285, 0.1523438, 5.9559091
-0.1018327, 0.2109375, -0.1995257, 0.1607535, 4.5086595
-0.1241428, 0.1845129, -0.1616498, 0.1621150, 2.9744066
-0.1191406, 0.1845129, -0.1887649, 0.1677375, 2.6125812
-0.1033137, 0.1972656, -0.1709559, 0.1677375, 7.9136204
-0.1077460, 0.1782769, -0.1659245, 0.1684739, 1.2115767
-0.1139034, 0.1756210, -0.1786386, 0.1618763, 9.0674094
-0.1413984, 0.1756210, -0.1698812, 0.1850873, 5.0288352
-0.1347656, 0.1756210, -0.1686098, 0.1850873, 8.6660479
-0.1527588, 0.1781456, -0.1699219, 0.1796875, 2.6509192
-0.1622396, 0.1659594, -0.1658363, 0.1796875, 5.9365261
-0.1646807, 0.1718750, -0.1699219, 0.1618763, 4.9799125
-0.1689822, 0.1720723, -0.1657298, 0.1565176, 4.7127579
-0.1795691, 0.1720723, -0.1976207, 0.1611483, 6.5131885
-0.1953125, 0.1718750, -0.1972656, 0.1648597, 1.3535289
-0.2139246, 0.1782798, -0.1972656, 0.1577436, 6.1009159
-0.1881922, 0.1782798, -0.1608953, 0.1515113, 6.9293311
-0.1933183, 0.2100184, -0.1700330, 0.1518628, 4.6371651
-0.1939134, 0.2100184, -0.1700330, 0.1525819, 3.8477086
-0.2002389, 0.1847930, -0.1700330, 0.1539086, 4.4610767
-0.2062728, 0.1847930, -0.1724935, 0.1571418, 7.2522525
-0.2112894, 0.1847930, -0.1708623, 0.1450110, 0.8835290
-0.2154795, 0.1847930, -0.1703533, 0.1386719, 0.3167865
-0.3026042, 0.1847930, -0.1931707, 0.1343678, 6.4340253
-0.3152070, 0.1847930, -0.1611520, 0.1252111, 9.4953822
-0.3153212, 0.1406250, -0.1616498, 0.1158665, 7.3411991
-0.3217231, 0.1782798, -0.1610288, 0.1075411, 6.9014847
-0.3154762, 0.1781050, -0.1610288, 0.0710710, 6.6147366
-0.3149986, 0.1781050, -0.1613555, 0.0674244, 0.5855625
-0.2413750, 0.1782798, -0.1699219, 0.0569010, 6.1611801
-0.2237580, 0.1464844, -0.1613555, 0.0573730, 2.5753042
-0.2471830, 0.1464844, -0.1613555, -0.0336733, 4.9685041
-0.2493402, 0.1466146, -0.1611871, -0.0332031, 4.2735846
-0.2205729, 0.1720723, -0.1605150, -0.0607887, 3.8810208
-0.2060470, 0.1720723, -0.1605150, -0.0607887, 4.0892125
-0.2551057, 0.1720723, -0.1502976, -0.0251488, 2.7700251
-0.2033393, 0.1720723, -0.1585024, -0.0610923, 3.6780288
-0.2573079, 0.1720723, -0.1587402, -0.0253906, 3.5479658
-0.2573079, 0.1720723, -0.1784882, -0.0253906, 6.9576603
-0.2202919, 0.1720723, -0.1784882, -0.0793243, 5.8523991
-0.2581731, 0.1342231, -0.1929998, -0.0253906, 1.8161272
-0.2581731, 0.1343950, -0.1929998, -0.0703125, 7.5785763
-0.2578125, 0.1660156, -0.1650532, -0.0249204, 8.5145360
-0.1962018, 0.0102912, -0.1440079, -0.0058594, 5.0604154
-0.2265625, 0.1845129, -0.1613555, -0.0154647, 6.7115201
-0.2265625, 0.1845129, -0.1972656, 0.0209389, 2.5250385
-0.0429688, 0.1845129, -0.1613555, -0.0310281, 5.9766839
-0.2012698, 0.1845129, -0.1460857, -0.0253906, 2.6664884
-0.2229368, 0.1845129, -0.2060872, 0.0117188, 6.9381168
-0.0369792, 0.2031250, -0.1295918, 0.0214844, 9.9100362
-0.2178529, 0.2031250, -0.2057664, 0.0214844, 6.9643635
-0.0054482, 0.1845129, -0.1413923, 0.0204835, 6.4788343
-0.2460938, 0.1650828, -0.1613555, 0.0162760, 7.1281370
-0.2519531, 0.1972656, -0.1386719, 0.0162760, 2.1582963
-0.2553832, 0.1469832, -0.1330846, 0.0163845, 2.0237075
-0.2578125, 0.1547690, -0.1292758, 0.0118719, 0.2605747
-0.2398907, 0.1532629, -0.1699219, 0.0056058, 3.8773110
-0.2578125, 0.1845238, -0.1699219, 0.0026414, 5.2574512
-0.2376631, 0.1816406, -0.1699219, -0.0019531, 6.6566781
-0.2139640, 0.1782798, -0.1340090, -0.0061012, 5.3557596
-0.0492393, 0.0265462, -0.1246582, -0.0034820, 2.0172416
-0.2072610, 0.1781456, -0.1343061, -0.0110677, 5.0146876
-0.2505753, 0.1781456, -0.1246582, -0.0156250, 0.6434260
-0.2517122, 0.1781456, -0.1246582, -0.0156250, 0.2161227
-0.0151424, 0.1781456, -0.1246582, -0.0196915, 4.7015879
-0.2518471, 0.1777344, -0.1246582, -0.0249204, 5.0221331
-0.2522023, 0.0265462, -0.1246582, -0.0245064, 3.8419801
-0.2519531, 0.1308594, -0.1246582, -0.0253906, 2.1896644
-0.0937500, 0.1279762, -0.1246582, -0.0332031, 3.5717646
-0.2519531, 0.1279762, -0.1647088, -0.0337486, 5.9575314
-0.2521421, 0.1152344, -0.1511445, -0.0342572, 0.3121995
-0.2518413, 0.1532629, -0.1572108, -0.0368854, 2.1679875
-0.2519531, 0.1523438, -0.1563593, -0.0292265, 4.8028108
-0.2525906, 0.1972656, -0.1699219, -0.0224338, 5.7093801
-0.2519017, 0.1972656, -0.1699219, -0.0224338, 0.1449192
-0.2498106, 0.1972656, -0.1616498, -0.0252683, 3.1590868
-0.2519531, 0.1466146, -0.1699219, -0.0155053, 4.5477977
-0.2519531, 0.1468047, -0.1699219, -0.0136117, 3.8108547
-0.2519531, 0.1468047, -0.1616498, -0.0119034, 6.1538237
-0.2480686, 0.1468047, -0.1789378, -0.0193398, 2.6516381
-0.2480686, 0.1468047, -0.1787435, -0.0193292, 0.2192198
-0.2460938, 0.1468047, -0.1786386, -0.0191399, 1.7341413
-0.2325679, 0.1972656, -0.1250000, -0.0189552, 7.8701688
-0.2282310, 0.1972656, -0.1250000, -0.0192038, 1.0076667
-0.2267045, 0.1467135, -0.1784882, -0.0194602, 5.5698860
-0.2227659, 0.2035319, -0.1741816, -0.0196889, 2.7120126
-0.2193970, 0.2033548, -0.1246582, -0.0191718, 4.7342918
-0.2147914, 0.1466146, -0.1292758, -0.0217401, 4.0040688
-0.2143404, 0.2109375, -0.1281050, -0.0189842, 5.0276190
-0.2070870, 0.2100184, -0.1244638, -0.0234375, 2.8031920
-0.2030623, 0.2100184, -0.1244638, -0.0227969, 0.3827845
-0.1998093, 0.2100184, -0.1244638, -0.0292791, 0.1380287
-0.2328331, 0.2100184, -0.1544384, -0.0312620, 7.0043663
-0.2268066, 0.1017923, -0.1435903, -0.0308302, 5.1497852
-0.2265625, 0.2037584, -0.1435903, -0.0253906, 2.8751391
-0.2229522, 0.1972656, -0.1491016, -0.0246110, 0.9874462
-0.2202919, 0.1178294, -0.1491016, -0.0112969, 4.5127663
-0.2174651, 0.1914063, -0.1491016, -0.0058594, 3.6140551
-0.2137587, 0.1310609, -0.1464844, -0.0110522, 2.0716601
-0.2137587, 0.1343444, -0.1464844, -0.0111826, 3.5870655
-0.2074405, 0.1342202, -0.1464844, 0.0024986, 2.9174583
-0.2110960, 0.1406250, -0.1518076, -0.0117188, 1.3194603
-0.2107058, 0.1782798, -0.1518076, -0.0077899, 3.7531160
-0.2086654, 0.1429121, -0.1469605, -0.0077899, 1.7447739
-0.2059312, 0.1845238, -0.1469605, -0.0117188, 3.1952465
-0.2047355, 0.2226563, -0.1699219, -0.0100144, 6.8884519
-0.2027163, 0.1443710, -0.1425781, 0.0010903, 2.5973597
-0.1976862, 0.2226563, -0.1425781, 0.0110599, 4.0876620
-0.1977468, 0.2226563, -0.1425781, 0.0238848, 0.1292334
-0.1949737, 0.2226563, -0.1469605, 0.0283608, 4.5285927
-0.1881510, 0.1972656, -0.1425781, 0.0383801, 0.2208069
-0.1899343, 0.2166667, -0.1425781, 0.0477340, 1.7354683
-0.1831055, 0.1406250, -0.1523438, 0.0532536, 3.7586444
-0.1841259, 0.1406250, -0.1562500, 0.0598011, 1.4829013
-0.1826880, 0.1406250, -0.1562500, 0.0654891, 2.0108675
-0.1799173, 0.1972656, -0.1562500, 0.0714421, 4.5850769
-0.1757813, 0.1972656, -0.1521616, 0.0790334, 5.1134839
-0.1760896, 0.1972656, -0.1569456, 0.0774740, 3.9512977
-0.2072610, 0.1720723, -0.1743043, 0.0808444, 2.6861957
-0.2074405, 0.1660156, -0.1743043, 0.0847842, 3.6547054
-0.2074405, 0.1906994, -0.1743043, 0.0970696, 3.9697308
-0.2070313, 0.1912090, -0.1743043, 0.0981733, 1.7865236
-0.2074405, 0.1525735, -0.1743043, 0.1073103, 4.0400206
-0.2074405, 0.1912202, -0.1743043, 0.1069196, 5.2292505
-0.1855469, 0.1973958, -0.1616282, 0.1053922, 5.7667429
-0.1855469, 0.1973958, -0.1616282, 0.1053922, 0.0000000
-0.2015831, 0.1973958, -0.1743043, 0.1060725, 2.5515789
-0.2011719, 0.1973958, -0.1614448, 0.1303499, 4.6596061
-0.2011719, 0.1973958, -0.1613781, 0.1159291, 5.5102605
-0.1995672, 0.1973958, -0.1741943, 0.1266780, 5.6204583
-0.1983173, 0.1973958, -0.1787435, 0.1231971, 0.8910986
-0.2014041, 0.1973958, -0.1787109, 0.1350524, 0.3835773
-0.2026788, 0.1973958, -0.1636646, 0.1304497, 7.1804843
-0.2054279, 0.1973958, -0.1643663, 0.1415504, 6.9836863
-0.2054279, 0.2002334, -0.1613555, 0.1415504, 4.0391694
-0.2068926, 0.1973958, -0.1289063, 0.1527344, 2.1396747
-0.2047476, 0.2109375, -0.1289063, 0.1660156, 7.5324933
-0.2093906, 0.2109375, -0.1289063, 0.1796875, 2.2437348
-0.2109375, 0.2031250, -0.1289063, 0.1890936, 1.0145685
-0.2087334, 0.2167969, -0.1673473, 0.1977418, 5.7265952
-0.2139214, 0.2137880, -0.1673473, 0.2019257, 7.1202294
-0.2204019, 0.2226563, -0.1673473, 0.2021484, 3.3452360
-0.2202919, 0.2286184, -0.1660156, 0.2019257, 1.5649847
-0.2137587, 0.2353051, -0.1660156, 0.2020761, 0.2685676
-0.2137587, 0.2418045, -0.1244638, 0.2020761, 5.7917952
-0.2169498, 0.2480469, -0.1239511, 0.2018601, 2.1053835
-0.2265625, 0.2264441, -0.1773303, 0.2028529, 5.8313564
-0.2202919, 0.2228535, -0.1152344, 0.1972656, 7.8399805
-0.2454603, 0.2262058, -0.1203342, 0.1933594, 4.2851422
-0.2519531, 0.2263972, -0.1835938, 0.1933594, 6.5624305
-0.2460938, 0.2541360, -0.1292758, 0.1890997, 11.5433845
-0.2580098, 0.2409568, -0.1885489, 0.1850873, 10.8621453
-0.2580098, 0.2480469, -0.1885489, 0.1718645, 11.7235388
-0.2322543, 0.2417783, -0.1340118, 0.1753806, 3.7924168
-0.2643618, 0.2354601, -0.1886993, 0.1660156, 5.9506385
-0.2647059, 0.2226563, -0.1886993, 0.1411206, 6.3015223
-0.2647059, 0.2226563, -0.1877721, 0.1383176, 0.8376954
-0.2617188, 0.2226563, -0.1885489, 0.1390831, 6.2685895
-0.2582217, 0.2226563, -0.1885489, 0.1308594, 0.2709771
-0.2584459, 0.2163857, -0.1886993, 0.1392173, 9.5434116
-0.2584459, 0.2164335, -0.1743643, 0.1437439, 6.2126044
-0.2584459, 0.2352941, -0.1972656, 0.1400380, 6.2737265
-0.2584459, 0.2352941, -0.1972656, 0.1433780, 7.4094621
-0.2582217, 0.2352941, -0.1431236, 0.1577436, 2.6863379
-0.2538086, 0.2421875, -0.1431236, 0.1660156, 9.3782596
-0.2574420, 0.2356382, -0.1431236, 0.1753926, 1.5217662
-0.2607484, 0.2286184, -0.1431236, 0.1847930, 1.2838789
-0.2615661, 0.2166941, -0.1244638, 0.1843171, 4.4708921
-0.2642386, 0.2100184, -0.1210938, 0.1845378, 9.0917577
-0.2643973, 0.2033548, -0.1222301, 0.1800570, 0.2434268
-0.2555394, 0.2031250, -0.1222301, 0.1745164, 6.2060572
-0.2580423, 0.2003873, -0.1211890, 0.1747324, 1.8836936
-0.2631925, 0.1973958, -0.1211890, 0.1660156, 5.9026488
-0.2643973, 0.2005373, -0.0971201, 0.1660156, 8.8832864
-0.2658491, 0.2005373, -0.0971201, 0.1660156, 2.2361879
-0.2648112, 0.1973958, -0.1425781, 0.1660156, 7.2779103
-0.2646991, 0.1973958, -0.1425781, 0.1660156, 6.2961205
-0.2646991, 0.1973219, -0.1428199, 0.1299552, 7.5918696
-0.2648551, 0.1930414, -0.1431236, 0.1299552, 9.1086597
-0.2735559, 0.1846788, -0.1431236, 0.1390270, 7.5155324
-0.2735559, 0.2166667, -0.1431236, 0.1390270, 4.4030306
-0.2773438, 0.2166667, -0.1431236, 0.1386719, 0.1957007
-0.2629498, 0.2166667, -0.1431236, 0.1386719, 7.5519038
-0.2629498, 0.2166667, -0.1429893, 0.1390270, 0.4592517
-0.2811316, 0.2166667, -0.1429893, 0.1390270, 10.4695181
-0.2678223, 0.1625855, -0.1429893, 0.1390270, 8.3832905
-0.2773438, 0.2107077, -0.1405208, 0.1386719, 7.8767410
-0.2773438, 0.1592371, -0.1241211, 0.1386719, 2.7626734
-0.2742557, 0.2035319, -0.1241211, 0.1386719, 4.8540551
-0.2735977, 0.1972656, -0.1242470, 0.1291783, 1.9618512
-0.2771578, 0.1914063, -0.1431236, 0.1302643, 6.3751595
-0.2709419, 0.1844735, -0.1242470, 0.1292949, 8.0450860
-0.2771465, 0.1660156, -0.1242503, 0.1308594, 5.1643880
-0.2771465, 0.1592371, -0.1203342, 0.1296296, 5.8430134
-0.2771465, 0.1553067, -0.1242503, 0.1302083, 0.8251677
-0.2771465, 0.1592371, -0.1613555, 0.1291783, 6.0593729
-0.2735977, 0.1592371, -0.1242503, 0.1291783, 5.8985884
-0.2771465, 0.1592371, -0.1701637, 0.1287692, 5.9852103
-0.2771465, 0.1846788, -0.1242503, 0.1303998, 4.6027755
-0.2770798, 0.1846788, -0.1157798, 0.1303998, 8.9709935
-0.2617188, 0.1406250, -0.0928571, 0.1472382, 3.9261308
-0.2771465, 0.1782769, -0.1242503, 0.1480369, 3.4798589
-0.2440513, 0.1525735, -0.1242503, 0.1480369, 5.5682014
-0.2483507, 0.1525735, -0.1199002, 0.1480369, 6.2425013
-0.2442322, 0.1523438, -0.1199002, 0.1480369, 1.5555261
-0.2410636, 0.1404277, -0.1199002, 0.1476878, 2.3014195
-0.2363281, 0.1442592, -0.1199002, 0.1476878, 3.8217653
-0.2363281, 0.1406250, -0.1515941, 0.1476878, 0.8487002
-0.2335201, 0.1406250, -0.0928571, 0.1301055, 6.2306382
-0.2303034, 0.1371094, -0.0928571, 0.1342634, 6.3936243
-0.2300259, 0.1373619, -0.1343061, 0.1296296, 5.0222050
-0.2265625, 0.1368841, -0.0971201, 0.1308594, 7.5798151
-0.2228216, 0.1308105, -0.1155289, 0.1296296, 4.2606431
-0.2265625, 0.1279871, -0.1152344, 0.1296296, 9.7611005
-0.2265625, 0.1601563, -0.1152344, 0.1301055, 4.3689659
-0.2265625, 0.1658854, -0.1428199, 0.1291783, 3.2892746
-0.2139640, 0.1718750, -0.1343061, 0.1301028, 5.5707996
-0.2205729, 0.1718750, -0.1511445, 0.1303998, 4.4136761
-0.2159403, 0.1658854, -0.1510789, 0.1299552, 5.1183128
-0.2138997, 0.1248347, -0.1510789, 0.1296296, 2.4994107
-0.2387610, 0.1248347, -0.1425781, 0.1296296, 1.8752206
-0.2387610, 0.1180762, -0.1425781, 0.1253695, 6.0946106
-0.2204600, 0.1210938, -0.1425781, 0.1386719, 8.9335569
-0.1958958, 0.1180762, -0.1612052, 0.1272937, 5.8426778
-0.2088519, 0.1180762, -0.1425781, 0.1474935, 3.9237639
-0.1949092, 0.1180762, -0.1513997, 0.1547822, 3.1303213
-0.2033895, 0.1177455, -0.1511445, 0.1481654, 3.7253296
-0.1931424, 0.1152344, -0.1431236, 0.1484375, 8.2237994
-0.1884259, 0.1119603, -0.1338614, 0.1745164, 8.5031627
-0.1884259, 0.1210938, -0.1338614, 0.1658266, 3.0356000
-0.1953125, 0.1210938, -0.1343061, 0.1668452, 5.3033748
-0.1884259, 0.1210938, -0.1511445, 0.1567815, 1.8481911
-0.1953125, 0.1210938, -0.1511445, 0.1541109, 4.4673560
-0.1832854, 0.1210938, -0.1100713, 0.1515413, 8.3731854
-0.1832854, 0.1210938, -0.1100713, 0.1748047, 3.7150368
-0.1826775, 0.0898438, -0.1425781, 0.1480369, 5.9618270
-0.1826775, 0.0874853, -0.1383847, 0.1544320, 4.3905447
-0.1807877, 0.0863381, -0.1383847, 0.1480407, 3.0111430
-0.1771545, 0.1152344, -0.1338614, 0.1369284, 2.8799459
-0.1806439, 0.1152344, -0.1157640, 0.1577436, 8.6549944
-0.1752686, 0.1152344, -0.1157640, 0.1327328, 8.2194441
-0.1721690, 0.1091452, -0.1289063, 0.1388442, 0.1217381
-0.1757277, 0.1024926, -0.1059473, 0.1479013, 6.0000643
-0.1737098, 0.0957031, -0.1059473, 0.1390540, 0.4623396
-0.1768329, 0.0898438, -0.1425781, 0.1390270, 3.4191547
-0.1692425, 0.0804893, -0.1383847, 0.1390270, 5.7913740
-0.1692425, 0.0772059, -0.1338614, 0.1303892, 5.4970552
-0.1692425, 0.0711366, -0.1383175, 0.1301948, 0.2385185
-0.1691535, 0.0770718, -0.1383847, 0.1364405, 3.3261608
-0.1668981, 0.0672564, -0.1401300, 0.1388728, 2.6010976
-0.1669130, 0.0772059, -0.1431236, 0.1296296, 5.9798769
-0.1688436, 0.0772059, -0.1431236, 0.1338032, 2.8227930
-0.1650503, 0.0770718, -0.1383847, 0.1307920, 0.2034178
-0.1644897, 0.0770718, -0.1431236, 0.1296296, 2.4891886
-0.1638940, 0.0772059, -0.1431236, 0.1296296, 0.3154757
-0.1633614, 0.0772059, -0.1431236, 0.1207131, 0.2282155
-0.1610413, 0.0772059, -0.1425781, 0.1207682, 5.3336133
-0.1602039, 0.0781250, -0.1425781, 0.1342575, 0.3144331
-0.1572217, 0.0781250, -0.1425781, 0.1204976, 5.4413986
-0.1629963, 0.0781250, -0.1425781, 0.1474935, 4.7331527
-0.1571691, 0.0781250, -0.1425781, 0.1260285, 5.4171894
-0.1642083, 0.0781250, -0.1469605, 0.1476878, 4.9209564
-0.1593339, 0.0708550, -0.1425781, 0.1386719, 5.4828730
-0.1571759, 0.0703125, -0.1425781, 0.1346029, 3.4744977
-0.1594828, 0.0703125, -0.1425781, 0.1473886, 7.4162994
-0.1571759, 0.0703125, -0.1427505, 0.1302613, 3.0173810
-0.1651123, 0.0703125, -0.1427505, 0.1386719, 4.8643420
-0.1884191, 0.0703125, -0.1428199, 0.1572989, 3.9275266
-0.1571759, 0.0292969, -0.1428199, 0.1253906, 6.6343413
-0.1953125, 0.0645833, -0.1428199, 0.1745164, 4.6907974
-0.1638327, 0.0204504, -0.1428199, 0.1850873, 6.1277400
-0.1664918, 0.0273438, -0.1464844, 0.1850873, 1.8641123
-0.1664918, 0.0518663, -0.1469494, 0.1299552, 5.0164522
-0.1951265, 0.0454673, -0.1472439, 0.1933594, 5.7020819
-0.1542969, 0.0330729, -0.1343061, 0.1472382, 6.2204672
-0.1884191, 0.0453331, -0.1343061, 0.2019257, 4.2838782
-0.1699219, 0.0644531, -0.1343061, 0.1481889, 4.8869833
-0.1826497, 0.0708550, -0.1425781, 0.1432648, 4.2999570
-0.1699219, 0.0703125, -0.1461421, 0.1936012, 2.9018573
-0.1723657, 0.0644531, -0.1461421, 0.1476878, 3.5911491
-0.1582698, 0.0451090, -0.1461421, 0.1386719, 6.2747788
-0.1650874, 0.0434778, -0.1461421, 0.1417117, 0.9166705
-0.1566681, 0.0330729, -0.1461421, 0.1389137, 0.1973442
-0.1565409, 0.0368320, -0.1456955, 0.1535552, 5.3580351
-0.1565409, 0.0359877, -0.1471701, 0.1485630, 1.5405217
-0.1565409, 0.0359877, -0.1471701, 0.1485630, 0.1045737
-0.1565409, 0.0375516, -0.1471701, 0.1483638, 6.3331176
-0.1507746, 0.0294300, -0.1458053, 0.1576261, 2.5658015
-0.1565409, 0.0454673, -0.1428199, 0.1660156, 2.3998270
-0.1507746, 0.0204504, -0.1469907, 0.1386719, 3.5735062
-0.1562500, 0.0517004, -0.1425781, 0.1205576, 2.4692600
-0.1565409, 0.0517253, -0.1425781, 0.1201497, 3.6901929
-0.1599645, 0.0518663, -0.1461588, 0.1209839, 1.7783960
-0.1602383, 0.0140831, -0.1461588, 0.1201497, 5.3526878
-0.1529268, 0.0140831, -0.1452064, 0.1328722, 0.2441693
-0.1553478, 0.0140831, -0.1428199, 0.1328722, 0.2479657
-0.1569076, 0.0136719, -0.1428199, 0.1289384, 0.4099069
-0.1537946, 0.0136719, -0.1401064, 0.1325061, 1.4522523
-0.1484751, 0.0136719, -0.1425781, 0.1323165, 0.4811799
-0.1513105, 0.0136719, -0.1403435, 0.1332813, 1.5053433
-0.1513105, 0.0136719, -0.1386719, 0.1319927, 5.0429144
-0.1538709, 0.0136719, -0.1265191, 0.1386719, 3.7874727
-0.1531077, 0.0136719, -0.1265191, 0.1390270, 0.2098368
-0.1562500, 0.0138021, -0.1428199, 0.1390270, 4.5376488
-0.1473633, -0.0118229, -0.1428213, 0.1391480, 2.3468446
-0.1473633, -0.0044643, -0.1428213, 0.1328722, 0.8344105
-0.1482772, -0.0077397, -0.1428199, 0.1286982, 2.5366254
-0.1473633, -0.0092844, -0.1427899, 0.1115699, 4.7107114
-0.1473633, -0.0115184, -0.1427899, 0.1208795, 0.8095951
-0.1473633, -0.0153529, -0.1427899, 0.1297463, 2.8924916
-0.1473633, 0.0015419, -0.1427899, 0.1224960, 0.3286563
-0.1412682, -0.0163754, -0.1427899, 0.1206650, 1.7974138
-0.1381293, 0.0138021, -0.1427899, 0.1252056, 1.0313507
-0.1381293, 0.0204504, -0.1425781, 0.1205576, 0.2324086
-0.1381293, -0.0184781, -0.1427687, 0.1210938, 0.0543444
-0.1343704, -0.0175781, -0.1386719, 0.1201497, 3.5227792
-0.1503906, 0.0271140, -0.1386719, 0.1113281, 4.3358824
-0.1504934, -0.0175781, -0.1386719, 0.1115699, 2.8184662
-0.0877878, -0.0175781, -0.1386719, 0.1115699, 1.2271329
-0.1445313, 0.0197610, -0.1427123, 0.1115699, 2.7818218
-0.1444369, 0.0201647, -0.1384926, 0.1069196, 0.7109791
-0.1444369, 0.0204504, -0.1384926, 0.1069196, 5.8353905
-0.1443340, -0.0355665, -0.1396019, 0.1035156, 2.3625998
-0.1400802, -0.0383141, -0.1396019, 0.0980258, 0.1310858
-0.1378581, 0.0137747, -0.1385742, 0.0932703, 0.9020517
-0.1378581, 0.0138021, -0.1385742, 0.0932703, 0.1094109
-0.1378581, 0.0076265, -0.1385742, 0.0932703, 0.3171718
-0.1411507, 0.0078125, -0.1190719, 0.0932703, 3.4014292
-0.1411507, 0.0014077, -0.1190719, 0.0761719, 1.6033647
-0.1445313, -0.0048254, -0.1347656, 0.0839844, 3.3829682
-0.1445313, -0.0117188, -0.1347656, 0.0843395, 3.5113137
-0.1378581, -0.0177083, -0.1385742, 0.0843395, 1.7128567
-0.1318685, -0.0234375, -0.1401839, 0.0845298, 0.1448769
-0.1314019, -0.0493707, -0.1386719, 0.0845298, 2.9661523
-0.1314019, -0.0552030, -0.1386719, 0.0566406, 2.9244484
-0.1314019, -0.0552030, -0.1386719, 0.0658701, 0.3514734
-0.1310884, -0.0552030, -0.1200880, 0.0658701, 3.3028644
-0.1356437, -0.0552030, -0.1143563, 0.0839844, 2.6844342
-0.1381264, -0.0552030, -0.1143563, 0.0568824, 1.8206431
-0.1356437, -0.0552030, -0.1143563, 0.0761719, 1.9265555
-0.1411612, -0.0493736, -0.1143563, 0.0842262, 2.7576188
-0.1356437, -0.0552030, -0.1143563, 0.0842262, 2.0958752
-0.1310884, -0.0552030, -0.1200880, 0.0883399, 2.1572055
-0.1310884, -0.0493736, -0.1200880, 0.0883399, 0.8032376
-0.1310884, -0.0493736, -0.1200880, 0.0932138, 2.2257891
-0.1310884, -0.0493736, -0.1200880, 0.0932138, 0.8675272
-0.1310884, -0.0493736, -0.1200880, 0.1020379, 0.2390049
-0.1310884, -0.0493736, -0.1200880, 0.1026338, 1.9427716
-0.1310884, -0.0468750, -0.1200880, 0.1117774, 0.2305014
-0.1433494, -0.0468750, -0.1200880, 0.1115699, 0.5411362
-0.1310884, -0.0461471, -0.1200880, 0.1068625, 2.0533466
-0.1494141, -0.0461471, -0.1200880, 0.1201497, 2.7068536
-0.1310884, -0.0468263, -0.1200880, 0.1201497, 2.3775258
-0.1473996, -0.0465285, -0.1200880, 0.1291783, 1.5506865
-0.1601097, -0.0468467, -0.1143563, 0.1291783, 0.9614540
-0.1492800, -0.0468467, -0.1143563, 0.1172032, 2.1121377
-0.1544283, -0.0478494, -0.1143563, 0.1202363, 0.1221286
-0.1568197, -0.0479090, -0.1143563, 0.1091564, 0.2510330
-0.1587612, -0.0509983, -0.1143563, 0.1288949, 2.2019870
-0.1356437, -0.0509983, -0.1143563, 0.1322443, 2.4572012
-0.1601563, -0.0509983, -0.1143563, 0.1265219, 3.9882177
-0.1583269, -0.0509983, -0.1143563, 0.1386719, 1.1026582
-0.1547921, -0.0509983, -0.1143563, 0.1286414, 0.9482027
-0.1535123, -0.0509983, -0.1143563, 0.1285134, 0.0669347
-0.1538488, -0.0509983, -0.1143563, 0.1386719, 2.5079816
-0.1573936, -0.0488564, -0.1143563, 0.1471726, 0.0985324
-0.1821861, -0.0488564, -0.1143563, 0.1471726, 2.8636752
-0.1510832, -0.0488564, -0.1143563, 0.1476878, 0.8732321
-0.1604299, -0.0488564, -0.1143563, 0.1302743, 2.7117948
-0.1406250, -0.0488564, -0.1140031, 0.1574493, 3.2943649
-0.1357742, -0.0429688, -0.1140031, 0.1621094, 2.7936650
-0.1357742, -0.0416531, -0.1140031, 0.1564643, 0.1243960
-0.1503906, -0.0416531, -0.1140031, 0.1564643, 3.5918340
-0.1357742, -0.0416531, -0.1140031, 0.1501106, 0.2294290
-0.1357742, -0.0416531, -0.1140031, 0.1664369, 2.6592142
-0.1570741, -0.0416531, -0.1140031, 0.1660156, 3.9814383
-0.1505208, -0.0416531, -0.1140031, 0.1752077, 0.2344494
-0.1542969, -0.0416531, -0.1140031, 0.1754808, 0.1784636
-0.0996094, -0.0416531, -0.1140031, 0.1757813, 2.3914396
-0.1357742, -0.0371094, -0.1140031, 0.1758290, 3.6117345
-0.1476601, -0.0371094, -0.1140031, 0.1796875, 4.5937641
-0.1445313, -0.0371094, -0.1383667, 0.1612413, 4.0323138
-0.1445313, -0.0371094, -0.1383667, 0.1842523, 3.7975933
-0.1445313, -0.0416531, -0.1383667, 0.1747324, 0.2292454
-0.1445313, -0.0371094, -0.1386719, 0.1936012, 4.2794968
-0.1445313, -0.0371094, -0.1386719, 0.1745164, 4.5865221
-0.1439236, -0.0370066, -0.1386719, 0.1798302, 4.6314867
-0.1439236, -0.0370066, -0.1386719, 0.1748372, 0.6737143
-0.1439236, -0.0371094, -0.1386719, 0.1748372, 4.1914780
-0.1439236, -0.0371094, -0.1386719, 0.1691210, 4.2291816
-0.1445313, -0.0371094, -0.1386719, 0.1801758, 4.6270840
-0.1445313, -0.0312500, -0.1386719, 0.1747324, 2.1389976
-0.1445313, -0.0371094, -0.1386719, 0.1747324, 0.1528909
-0.1445313, -0.0243815, -0.1425781, 0.1660156, 0.9070720
-0.1445313, -0.0243815, -0.1425781, 0.1660156, 0.0336064
-0.1445313, -0.0370066, -0.1425781, 0.1850873, 2.5210313
-0.1439236, -0.0179893, -0.1425781, 0.1714355, 1.6013369
-0.1439236, -0.0179893, -0.1425781, 0.1617550, 0.0790238
-0.1418269, -0.0370066, -0.1425781, 0.1618089, 4.6103447
-0.1418269, -0.0115215, -0.1425781, 0.1577436, 1.2354721
-0.1439236, -0.0370066, -0.1425781, 0.1718144, 3.6208111
-0.1418269, -0.0242791, -0.1425781, 0.1718144, 0.3818641
-0.1418269, -0.0330844, -0.1425781, 0.1845378, 5.0234582
-0.1418269, -0.0327306, -0.1425781, 0.1577329, 0.0309594
-0.1418269, -0.0371094, -0.1425781, 0.1577329, 2.8503518
-0.1418269, -0.0287346, -0.1425781, 0.1474935, 1.7340033
-0.1418269, -0.0054482, -0.1425781, 0.1474935, 0.8024056
-0.1418269, -0.0053168, -0.1425781, 0.1474935, 0.1863719
-0.1418269, -0.0053168, -0.1425781, 0.1474935, 0.1915706
-0.1418269, -0.0053139, -0.1425781, 0.1474935, 2.5602842
-0.1418269, -0.0371094, -0.1425781, 0.1474935, 3.1616819
-0.1418269, 0.0015419, -0.1425781, 0.1425781, 1.4480314
-0.1418269, -0.0371094, -0.1425781, 0.1425781, 0.5632806
-0.1418269, 0.0009191, -0.1427899, 0.1389137, 1.3304326
-0.1318685, 0.0014077, -0.1425781, 0.1347743, 3.5748868
-0.1418269, 0.0014077, -0.1425781, 0.1310169, 4.5163246
-0.1418269, 0.0015419, -0.1427899, 0.1382834, 2.4174219
-0.1413574, 0.0015419, -0.1427899, 0.1347155, 0.3214720
-0.1413574, 0.0016519, -0.1425781, 0.1300223, 2.3270665
-0.1413574, 0.0009191, -0.1427899, 0.1322729, 1.7671621
-0.1413574, 0.0009191, -0.1425781, 0.1322729, 0.1039054
-0.1413574, 0.0014077, -0.1427899, 0.1388442, 1.0858244
