0.2402890, 0.3447591, 0.0000000
0.2402890, 0.3447591, 0.0000000
0.2402890, 0.3447591, 0.0000000
0.2402890, 0.3447591, 0.0000000
0.2402890, 0.3496094, 404.2095893
0.2402890, 0.3496094, 0.0000000
0.2402890, 0.3496094, 0.0000000
0.2402890, 0.3496094, 269.8196387
0.2402890, 0.3496094, 0.0000000
0.2437860, 0.3496094, 108.2675929
0.2437860, 0.3496094, 0.0000000
0.2364026, 0.3496094, 0.0000000
0.2364026, 0.3496094, 0.0000000
0.2390511, 0.3496094, 0.0032933
0.2390511, 0.3496094, 0.0000000
0.2390511, 0.3725107, 0.0000000
0.2390511, 0.3725107, 0.0000000
0.2390511, 0.3725107, 282.2533723
0.2390511, 0.3725107, 0.0000000
0.2390511, 0.3725107, 0.0000000
0.2390511, 0.3725107, 0.0000000
0.2534214, 0.3447591, 0.0000000
0.2534214, 0.3447591, 0.0000000
0.2533685, 0.3414782, 184.6815977
0.2533685, 0.3414782, 0.0000000
0.2531404, 0.3339146, 215.3831309
0.2531404, 0.3339146, 0.0000000
0.2571104, 0.3666476, 0.2008226
0.2571104, 0.3666476, 0.0000000
0.2552933, 0.3666582, 17.5542433
0.2552933, 0.3666582, 0.0000000
0.2392756, 0.3820452, 0.2337251
0.2392756, 0.3820452, 0.0000000
0.2606108, 0.3171601, 227.9871843
0.2606108, 0.3171601, 0.0000000
0.2325794, 0.3464429, 0.4489288
0.2325794, 0.3464429, 0.0000000
0.2312838, 0.3641507, 133.9853482
0.2312838, 0.3641507, 0.0000000
0.2317508, 0.3641855, 155.5886406
0.2317508, 0.3641855, 0.0000000
0.2628101, 0.3429688, 0.2038805
0.2628101, 0.3429688, 0.0000000
0.2470755, 0.2954414, 184.6100712
0.2470755, 0.2954414, 0.0000000
0.2433140, 0.3235894, 72.1682325
0.2433140, 0.3235894, 0.0000000
0.2469197, 0.3183594, 73.1397303
0.2469197, 0.3183594, 0.0000000
0.2467598, 0.3226191, 0.1860249
0.2467598, 0.3226191, 0.0000000
0.2656250, 0.3128534, 81.0227696
0.2656250, 0.3128534, 0.0000000
0.2539063, 0.2729779, 0.2487379
0.2539063, 0.2729779, 0.0000000
0.2531167, 0.3047343, 0.0239836
0.2531167, 0.3047343, 0.0000000
0.2508309, 0.2627279, 4.7301837
0.2508309, 0.2627279, 0.0000000
0.2500000, 0.2901626, 21.8800716
0.2500000, 0.2901626, 0.0000000
0.2432732, 0.2631772, 0.4437526
0.2946285, 0.2822591, 59.5780737
0.2946285, 0.2822591, 0.0000000
0.2536621, 0.3085938, 0.0669557
0.2536621, 0.3085938, 0.0000000
0.2729636, 0.3085938, 8.7458670
0.2729636, 0.3085938, 0.0000000
0.2981728, 0.3130064, 7.9690273
0.2984538, 0.3088356, 37.2199418
0.2984538, 0.3088356, 0.0000000
0.2997940, 0.3272208, 4.8860743
0.2997940, 0.3272208, 0.0000000
0.2999283, 0.3088356, 35.6568422
0.2999283, 0.3088356, 0.0000000
0.3021940, 0.3446801, 150.3278316
0.3021940, 0.3446801, 0.0000000
0.2910615, 0.3444382, 104.5844356
0.2727865, 0.2900716, 182.1355737
0.2727865, 0.2900716, 0.0000000
0.2742460, 0.2987883, 0.6445912
0.2742460, 0.2987883, 0.0000000
0.2866826, 0.3262370, 176.9851991
0.2866826, 0.3262370, 0.0000000
0.2783713, 0.3174154, 0.2801810
0.2783713, 0.3174154, 0.0000000
0.2654410, 0.3189048, 254.1975525
0.2654410, 0.3189048, 0.0000000
0.2537760, 0.3085938, 246.3801021
0.2537760, 0.3085938, 0.0000000
0.2661705, 0.3087661, 0.0396314
0.2661705, 0.3087661, 0.0000000
0.2661705, 0.2993420, 40.0677085
0.2661705, 0.2993420, 0.0000000
0.2657278, 0.3002692, 21.3999981
0.2657278, 0.3002692, 0.0000000
0.2715872, 0.2903134, 0.0056517
0.2715872, 0.2903134, 0.0000000
0.2656250, 0.2858776, 0.2023325
0.2656250, 0.2858776, 0.0000000
0.2782629, 0.2764802, 9.4438771
0.2782629, 0.2764802, 0.0000000
0.2693710, 0.2777100, 163.3173553
0.2693710, 0.2777100, 0.0000000
0.2691306, 0.2720929, 22.1624459
0.2691306, 0.2720929, 0.0000000
0.2718956, 0.2712942, 0.0143692
0.2753906, 0.2724935, 0.0906986
0.2753906, 0.2724935, 0.0000000
0.2797024, 0.2618420, 21.9134182
0.2797024, 0.2618420, 0.0000000
0.2842441, 0.2656720, 0.0547448
0.2842441, 0.2656720, 0.0000000
0.2817654, 0.2825849, 1.1134302
0.2817654, 0.2825849, 0.0000000
0.2809864, 0.2868217, 3.8612008
0.2809864, 0.2868217, 0.0000000
0.2823514, 0.2962240, 38.3093151
0.2823514, 0.2962240, 0.0000000
0.2784166, 0.3061109, 0.5198254
0.2784166, 0.3061109, 0.0000000
0.2840940, 0.3059025, 13.1999874
0.2840940, 0.3059025, 0.0000000
0.2509667, 0.3277263, 96.9857492
0.2509667, 0.3277263, 0.0000000
0.3100618, 0.2677208, 0.6699032
0.3100618, 0.2677208, 0.0000000
0.3165612, 0.2997323, 145.8714252
0.2662304, 0.3553644, 5.3355416
0.2662304, 0.3553644, 0.0000000
0.3165722, 0.3546186, 46.0165551
0.3165722, 0.3546186, 0.0000000
0.3165612, 0.3556695, 33.1886153
0.3165612, 0.3556695, 0.0000000
0.2579338, 0.3280617, 156.6957708
0.2579338, 0.3280617, 0.0000000
0.2574447, 0.3446958, 0.1587219
0.2574447, 0.3446958, 0.0000000
0.2594824, 0.3431481, 28.4804050
0.2594824, 0.3431481, 0.0000000
0.2524986, 0.3100770, 0.0272253
0.2373061, 0.2908554, 99.5224452
0.2373061, 0.2908554, 0.0000000
0.2441406, 0.3181991, 0.7148729
0.2441406, 0.3181991, 0.0000000
0.2460938, 0.3316067, 127.2541380
0.2460938, 0.3316067, 0.0000000
0.2402344, 0.3545645, 14.0519595
0.2402344, 0.3545645, 0.0000000
0.2597656, 0.3545645, 48.0125022
0.2597656, 0.3545645, 0.0000000
0.2650125, 0.3545645, 110.5538320
0.2650125, 0.3545645, 0.0000000
0.2561573, 0.3090049, 108.6158785
0.2561573, 0.3090049, 0.0000000
0.2535859, 0.3547149, 44.0856195
0.2535859, 0.3547149, 0.0000000
0.3037684, 0.3547149, 146.1232354
0.2846206, 0.3547149, 38.6020130
0.2846206, 0.3547149, 0.0000000
0.2825715, 0.3547149, 52.1452471
0.2825715, 0.3547149, 0.0000000
0.2713914, 0.3547149, 21.4525428
0.2666672, 0.3540192, 0.5352927
0.2666672, 0.3540192, 0.0000000
0.2106968, 0.3541241, 127.8068882
0.2106968, 0.3541241, 0.0000000
0.2913197, 0.3174154, 191.8056613
0.2913197, 0.3174154, 0.0000000
0.2922454, 0.3349609, 15.6802272
0.2922454, 0.3349609, 0.0000000
0.2165752, 0.3088432, 155.7511959
0.2165752, 0.3088432, 0.0000000
0.2275030, 0.2998047, 0.2286327
0.2664842, 0.2902114, 4.9112234
0.2664842, 0.2902114, 0.0000000
0.2656359, 0.2764223, 76.6482976
0.2656359, 0.2764223, 0.0000000
0.2588339, 0.2588139, 31.2718622
0.2588339, 0.2588139, 0.0000000
0.2587223, 0.2532018, 0.4049114
0.2587223, 0.2532018, 0.0000000
0.2527361, 0.2290340, 53.2308538
0.2527361, 0.2290340, 0.0000000
0.2523748, 0.2210930, 45.2513172
0.2523748, 0.2210930, 0.0000000
0.2495777, 0.1611308, 83.0573247
0.2495777, 0.1611308, 0.0000000
0.2067876, 0.2219518, 0.3633700
0.2067876, 0.2219518, 0.0000000
0.2492033, 0.1701309, 23.9310707
0.2492033, 0.1701309, 0.0000000
0.2536563, 0.2028720, 0.2159551
0.2536563, 0.2028720, 0.0000000
0.2536563, 0.1780076, 5.3864755
0.2536563, 0.1780076, 0.0000000
0.2598926, 0.1375848, 19.3434312
0.2598926, 0.1375848, 0.0000000
0.2598926, 0.1601341, 42.4096279
0.2598926, 0.1601341, 0.0000000
0.2398514, 0.2277618, 16.9612850
0.2398514, 0.2277618, 0.0000000
0.1779158, 0.1542969, 25.6075536
0.1779158, 0.1542969, 0.0000000
0.1714810, 0.1556640, 1.9348581
0.1714810, 0.1556640, 0.0000000
0.2718956, 0.1777344, 38.7946221
0.2718956, 0.1777344, 0.0000000
0.2353516, 0.2043035, 22.6232002
0.2353516, 0.2043035, 0.0000000
0.2351100, 0.2486425, 6.6524269
0.2351100, 0.2486425, 0.0000000
0.2361043, 0.2417164, 0.1116116
0.2361043, 0.2417164, 0.0000000
0.2734054, 0.2417164, 0.1129138
0.2734054, 0.2417164, 0.0000000
0.2718607, 0.1787829, 5.2676711
0.2718607, 0.1787829, 0.0000000
0.2746299, 0.2404440, 3.5875603
0.2746299, 0.2404440, 0.0000000
0.2810097, 0.1903573, 0.8669381
0.2810097, 0.1903573, 0.0000000
0.2876696, 0.1911103, 90.0920351
0.2876696, 0.1911103, 0.0000000
0.3100554, 0.1872186, 0.0569509
0.3100554, 0.1872186, 0.0000000
0.2963340, 0.1813994, 21.7802712
0.2963340, 0.1813994, 0.0000000
0.2867736, 0.1763393, 0.2327574
0.2867736, 0.1763393, 0.0000000
0.2667398, 0.1728516, 21.5463283
0.2667398, 0.1728516, 0.0000000
0.2662358, 0.1630859, 15.6570031
0.2662358, 0.1630859, 0.0000000
0.2478448, 0.1643159, 2.0167290
0.2478448, 0.1643159, 0.0000000
0.2524079, 0.1743168, 0.3279698
0.2524079, 0.1743168, 0.0000000
0.2329451, 0.2095737, 8.4007941
0.2329451, 0.2095737, 0.0000000
0.2304505, 0.1726430, 0.8930752
0.2304505, 0.1726430, 0.0000000
0.2403922, 0.1974952, 72.4175147
0.2403922, 0.1974952, 0.0000000
0.2397865, 0.2148438, 65.1309745
0.2397865, 0.2148438, 0.0000000
0.2386924, 0.1964350, 0.0411744
0.2386924, 0.1964350, 0.0000000
0.2505003, 0.1869135, 0.0846165
0.2505003, 0.1869135, 0.0000000
0.2602108, 0.1911354, 0.0481758
0.2602108, 0.1911354, 0.0000000
0.2629410, 0.2001809, 20.6499901
0.2629410, 0.2001809, 0.0000000
0.2719453, 0.1911859, 39.2807249
0.2719453, 0.1911859, 0.0000000
0.3223324, 0.2452309, 56.9873451
0.3223324, 0.2452309, 0.0000000
0.3415078, 0.2409959, 20.2033093
0.3415078, 0.2409959, 0.0000000
0.3491107, 0.2355228, 16.7052410
0.3491107, 0.2355228, 0.0000000
0.3636048, 0.2313507, 19.2640073
0.3636048, 0.2313507, 0.0000000
0.3737915, 0.2269220, 75.5077941
0.3846318, 0.2276786, 22.0255144
0.3846318, 0.2276786, 0.0000000
0.3917764, 0.2274220, 21.3644051
0.3917764, 0.2274220, 0.0000000
0.3275556, 0.2220755, 57.8534253
0.3275556, 0.2220755, 0.0000000
0.3977124, 0.2231852, 0.4709833
0.3977124, 0.2231852, 0.0000000
0.4060681, 0.2141737, 0.2450358
0.4060681, 0.2141737, 0.0000000
0.4101691, 0.2182738, 1.8449464
0.4101691, 0.2182738, 0.0000000
0.4130847, 0.1845656, 0.7977866
0.4130847, 0.1845656, 0.0000000
0.4250673, 0.1776228, 70.2193077
0.4250673, 0.1776228, 0.0000000
0.4147990, 0.2453065, 5.6941730
0.4147990, 0.2453065, 0.0000000
0.4236514, 0.2362723, 17.6408761
0.4236514, 0.2362723, 0.0000000
0.4119327, 0.2186046, 34.0512910
0.4119327, 0.2186046, 0.0000000
0.4116687, 0.2505173, 25.7605152
0.4116687, 0.2505173, 0.0000000
0.3940766, 0.2327044, 0.2484800
0.3940766, 0.2327044, 0.0000000
0.3887279, 0.2353013, 0.4890509
0.3887279, 0.2353013, 0.0000000
0.3964987, 0.2499287, 17.1245435
0.3964987, 0.2499287, 0.0000000
0.3809666, 0.2396023, 15.5843622
0.3809666, 0.2396023, 0.0000000
0.4063572, 0.2381227, 0.1961194
0.4063572, 0.2381227, 0.0000000
0.3964856, 0.2285098, 41.7037528
0.3964856, 0.2285098, 0.0000000
0.4021302, 0.2387608, 0.3612635
0.4021302, 0.2387608, 0.0000000
0.3982451, 0.2377058, 0.3090555
0.3982451, 0.2377058, 0.0000000
0.3918414, 0.2356749, 0.4793508
0.3918414, 0.2356749, 0.0000000
0.3885714, 0.2377365, 0.2281514
0.3813773, 0.2443788, 61.7095638
0.3813773, 0.2443788, 0.0000000
0.3737160, 0.2539063, 160.6543150
0.3737160, 0.2539063, 0.0000000
0.3680457, 0.2541233, 35.3326577
0.3680457, 0.2541233, 0.0000000
0.3620116, 0.2678199, 3.7472378
0.3620116, 0.2678199, 0.0000000
0.3577160, 0.2636719, 68.1785867
0.3577160, 0.2636719, 0.0000000
0.3521324, 0.2668812, 0.2167796
0.3521324, 0.2668812, 0.0000000
0.3490668, 0.2685362, 50.1512803
0.3490668, 0.2685362, 0.0000000
0.3547960, 0.2732170, 0.2407355
0.3547960, 0.2732170, 0.0000000
0.3355669, 0.2678833, 5.8949497
0.3355669, 0.2678833, 0.0000000
0.3294371, 0.2636719, 20.2042151
0.3294371, 0.2636719, 0.0000000
0.2843010, 0.2594605, 49.3504027
0.2843010, 0.2594605, 0.0000000
0.3356234, 0.2546573, 71.4271893
0.3356234, 0.2546573, 0.0000000
0.3293547, 0.2497721, 0.0147797
0.3293547, 0.2497721, 0.0000000
0.2504515, 0.2633810, 0.0028047
0.3055426, 0.2636719, 69.0087043
0.3055426, 0.2636719, 0.0000000
0.2471145, 0.2321167, 0.1150081
0.2471145, 0.2321167, 0.0000000
0.2380621, 0.2823606, 0.0217483
0.2380621, 0.2823606, 0.0000000
0.2335563, 0.2823606, 0.2437916
0.2335563, 0.2823606, 0.0000000
0.2756522, 0.2822989, 24.5800176
0.2756522, 0.2822989, 0.0000000
0.3046875, 0.2591612, 0.3195683
0.3046875, 0.2591612, 0.0000000
0.3007491, 0.2730787, 24.4766965
0.3007491, 0.2730787, 0.0000000
0.3007491, 0.2639188, 25.9322645
0.3007491, 0.2639188, 0.0000000
0.2660319, 0.1635923, 0.0145684
0.2660319, 0.1635923, 0.0000000
0.3041862, 0.1679688, 40.7354424
0.3041862, 0.1679688, 0.0000000
0.3103497, 0.1679688, 0.0491886
0.3103497, 0.1679688, 0.0000000
0.3103497, 0.2085034, 73.6404357
0.3103497, 0.2085034, 0.0000000
0.3159701, 0.1770573, 2.1087956
0.3159701, 0.1770573, 0.0000000
0.3120894, 0.1819957, 91.1727277
0.3120894, 0.1819957, 0.0000000
0.3022923, 0.2265839, 55.6230815
0.3022923, 0.2265839, 0.0000000
0.3006698, 0.2734161, 0.1307455
0.3006698, 0.2734161, 0.0000000
0.3197731, 0.2825149, 0.4203044
0.3197731, 0.2825149, 0.0000000
0.2981771, 0.2591935, 2.5161889
0.2981771, 0.2591935, 0.0000000
0.2910423, 0.2616767, 7.0343650
0.2910423, 0.2616767, 0.0000000
0.2855599, 0.2930714, 0.2602405
0.2855599, 0.2930714, 0.0000000
0.2745261, 0.2921645, 172.0424605
0.2745261, 0.2921645, 0.0000000
0.2691244, 0.3015176, 1.1118777
0.2691244, 0.3015176, 0.0000000
0.2564951, 0.3269588, 0.1959255
0.2564951, 0.3269588, 0.0000000
0.2506625, 0.3318312, 40.6727967
0.2506625, 0.3318312, 0.0000000
0.2471469, 0.2971607, 19.7960301
0.2471469, 0.2971607, 0.0000000
0.2407740, 0.3103358, 0.3546821
0.2407740, 0.3103358, 0.0000000
0.2279968, 0.3143409, 52.1880900
0.2279968, 0.3143409, 0.0000000
0.2211143, 0.3348116, 0.1278141
0.2211143, 0.3348116, 0.0000000
0.2250894, 0.3327805, 38.2115579
0.2250894, 0.3327805, 0.0000000
0.2165242, 0.3362926, 49.4143737
0.2165242, 0.3362926, 0.0000000
0.2284128, 0.3260566, 13.6144352
0.2284128, 0.3260566, 0.0000000
0.2271007, 0.3228018, 15.4045470
0.2271007, 0.3228018, 0.0000000
0.2214227, 0.3258406, 0.5775458
0.2214227, 0.3258406, 0.0000000
0.2275951, 0.3359375, 46.2839340
0.2275951, 0.3359375, 0.0000000
0.2261164, 0.3331583, 0.1308486
0.2261164, 0.3331583, 0.0000000
0.2292247, 0.3362944, 1.6238725
0.2292247, 0.3362944, 0.0000000
0.2308517, 0.3449628, 0.4235679
0.2308517, 0.3449628, 0.0000000
0.2341287, 0.3268507, 0.3303627
0.2341287, 0.3268507, 0.0000000
0.2343750, 0.3249266, 0.5621823
0.2343750, 0.3249266, 0.0000000
0.2470022, 0.3542695, 29.6355866
0.2470022, 0.3542695, 0.0000000
0.2476357, 0.3544922, 48.2841716
0.2476357, 0.3544922, 0.0000000
0.2533649, 0.3220521, 52.6736208
0.2533649, 0.3220521, 0.0000000
0.2560091, 0.3226415, 0.2228576
0.2560091, 0.3226415, 0.0000000
0.2613722, 0.3270776, 0.2683973
0.2613722, 0.3270776, 0.0000000
0.2194078, 0.3264440, 31.3826069
0.2194078, 0.3264440, 0.0000000
0.2311155, 0.3276654, 30.4598491
0.2311155, 0.3276654, 0.0000000
0.2934751, 0.3403799, 16.3583053
0.2934751, 0.3403799, 0.0000000
0.2915582, 0.3467190, 0.4643614
0.2915582, 0.3467190, 0.0000000
0.2972456, 0.3594299, 0.4879398
0.2972456, 0.3594299, 0.0000000
0.2873535, 0.3677237, 0.0698865
0.2873535, 0.3677237, 0.0000000
0.2816713, 0.3817357, 136.8411761
0.2816713, 0.3817357, 0.0000000
0.2718047, 0.3888139, 45.4926069
0.2718047, 0.3888139, 0.0000000
0.2264184, 0.3923694, 69.0626045
0.2264184, 0.3923694, 0.0000000
0.2263679, 0.4034578, 0.4173153
0.2263679, 0.4034578, 0.0000000
0.2402344, 0.4137091, 0.3484141
0.2402344, 0.4137091, 0.0000000
0.2247779, 0.4265351, 37.0539852
0.2247779, 0.4265351, 0.0000000
0.2252757, 0.4206950, 12.1907763
0.2252757, 0.4206950, 0.0000000
0.2259008, 0.4280066, 148.6389173
0.2259008, 0.4280066, 0.0000000
0.2339597, 0.4088846, 100.2554490
0.2339597, 0.4088846, 0.0000000
0.2343750, 0.4127783, 0.3170652
0.2343750, 0.4127783, 0.0000000
0.2309644, 0.4275845, 105.2049159
0.2309644, 0.4275845, 0.0000000
0.2343750, 0.4709967, 125.2286781
0.2343750, 0.4709967, 0.0000000
0.2343750, 0.4718814, 53.8472672
0.2343750, 0.4718814, 0.0000000
0.2281044, 0.4692634, 0.6445549
0.2281044, 0.4692634, 0.0000000
0.2343750, 0.4707352, 114.5142743
0.2343750, 0.4707352, 0.0000000
0.2593544, 0.4663016, 31.3139726
0.2593544, 0.4663016, 0.0000000
0.2529871, 0.4604656, 7.8240158
0.2529871, 0.4604656, 0.0000000
0.2659476, 0.4144948, 275.4880615
0.2659476, 0.4144948, 0.0000000
0.2785892, 0.4553699, 0.5060654
0.2785892, 0.4553699, 0.0000000
0.2910156, 0.4555880, 17.2556257
0.2910156, 0.4555880, 0.0000000
0.3028646, 0.4554854, 276.6163252
0.3028646, 0.4554854, 0.0000000
0.2657278, 0.4481559, 11.1393798
0.3039347, 0.4476419, 16.7669635
0.3039347, 0.4476419, 0.0000000
0.2975643, 0.4621509, 427.1794842
0.2975643, 0.4621509, 0.0000000
0.2385750, 0.4537837, 24.9847888
0.2385750, 0.4537837, 0.0000000
0.2701321, 0.4667422, 265.3909491
0.2701321, 0.4667422, 0.0000000
0.2574726, 0.4721183, 1.2909935
0.2574726, 0.4721183, 0.0000000
0.2617785, 0.4834889, 32.6898575
0.2617785, 0.4834889, 0.0000000
0.2709767, 0.4581956, 144.0287361
0.2709767, 0.4581956, 0.0000000
0.2913529, 0.4519202, 111.1236848
0.2913529, 0.4519202, 0.0000000
0.2867817, 0.4305894, 304.3679406
0.2867817, 0.4305894, 0.0000000
0.2914249, 0.4538132, 88.0240547
0.2914249, 0.4538132, 0.0000000
0.3063101, 0.4818283, 0.9607386
0.3063101, 0.4818283, 0.0000000
0.3070068, 0.4453497, 494.5471575
0.3070068, 0.4453497, 0.0000000
0.3105469, 0.4453497, 85.9592341
0.3105469, 0.4453497, 0.0000000
0.3359375, 0.4609375, 72.4253015
0.3359375, 0.4609375, 0.0000000
0.3479670, 0.4050729, 0.0651944
0.3479670, 0.4050729, 0.0000000
0.3952206, 0.4544940, 81.5577302
0.3952206, 0.4544940, 0.0000000
0.4023438, 0.4547176, 501.3525471
0.4023438, 0.4547176, 0.0000000
0.3882156, 0.4504235, 79.8667815
0.3882156, 0.4504235, 0.0000000
0.3799403, 0.4494986, 0.4910676
0.3799403, 0.4494986, 0.0000000
0.3617393, 0.4568447, 244.0056912
0.3617393, 0.4568447, 0.0000000
0.3231736, 0.4670174, 337.5920508
0.3231736, 0.4670174, 0.0000000
0.3234364, 0.4732412, 127.7401884
0.3234364, 0.4732412, 0.0000000
0.3278480, 0.4738028, 0.0831169
0.3278480, 0.4738028, 0.0000000
0.3260465, 0.4635261, 53.8063436
0.3260465, 0.4635261, 0.0000000
0.3267669, 0.4276160, 1.3676407
0.3267669, 0.4276160, 0.0000000
0.3258624, 0.4736066, 0.3478271
0.3258624, 0.4736066, 0.0000000
0.3358747, 0.4724775, 87.0858824
0.3358747, 0.4724775, 0.0000000
0.3407114, 0.4229854, 0.1087207
0.3407114, 0.4229854, 0.0000000
0.3434896, 0.4136204, 343.6674576
0.3434896, 0.4136204, 0.0000000
0.3449002, 0.4139170, 85.8161127
0.3449002, 0.4139170, 0.0000000
0.3293180, 0.4047704, 359.4629872
0.3293180, 0.4047704, 0.0000000
0.3388238, 0.4000688, 25.8886518
0.3388238, 0.4000688, 0.0000000
0.3420047, 0.4012643, 236.4473375
0.3420047, 0.4012643, 0.0000000
0.3423828, 0.3883921, 3.4186107
0.3423828, 0.3883921, 0.0000000
0.3460356, 0.3709600, 280.9203741
0.3460356, 0.3709600, 0.0000000
0.3601166, 0.3645436, 0.0500318
0.3601166, 0.3645436, 0.0000000
0.3775595, 0.3568518, 0.1825199
0.3775595, 0.3568518, 0.0000000
0.3958733, 0.3590083, 0.1799858
0.3958733, 0.3590083, 0.0000000
0.4149220, 0.3424928, 241.7839047
0.4149220, 0.3424928, 0.0000000
0.4385285, 0.3710075, 92.3292728
0.4385285, 0.3710075, 0.0000000
0.4429501, 0.3635099, 37.4960028
0.4429501, 0.3635099, 0.0000000
0.4516584, 0.4185183, 89.5948566
0.4516584, 0.4185183, 0.0000000
0.4405679, 0.3489341, 270.8372569
0.4405679, 0.3489341, 0.0000000
0.4367021, 0.3991257, 54.0344504
0.4367021, 0.3991257, 0.0000000
0.4268490, 0.3993676, 0.3569874
0.4268490, 0.3993676, 0.0000000
0.4138186, 0.3993676, 10.6800035
0.4138186, 0.3993676, 0.0000000
0.4052968, 0.4036642, 0.4522639
0.4052968, 0.4036642, 0.0000000
0.4115009, 0.4083577, 144.3890519
0.4115009, 0.4083577, 0.0000000
0.4177715, 0.4181631, 78.6303114
0.4177715, 0.4181631, 0.0000000
0.4179688, 0.4184840, 412.3314183
0.4179688, 0.4184840, 0.0000000
0.3563825, 0.4036777, 77.6760642
0.3563825, 0.4036777, 0.0000000
0.3563825, 0.4036777, 0.0000000
0.4300101, 0.4405020, 21.2985449
0.4242393, 0.4546670, 80.7191561
0.4242393, 0.4546670, 0.0000000
0.4174019, 0.4665094, 74.9834637
0.4174019, 0.4665094, 0.0000000
0.4112094, 0.4656208, 0.2105106
0.4112094, 0.4656208, 0.0000000
0.4094306, 0.4496427, 25.3445691
0.4094306, 0.4496427, 0.0000000
0.4047081, 0.4358189, 6.5894939
0.4047081, 0.4358189, 0.0000000
0.3964486, 0.4538788, 142.9903318
0.3964486, 0.4538788, 0.0000000
0.3953993, 0.4540091, 116.2700792
0.3953993, 0.4540091, 0.0000000
0.3707456, 0.4495722, 5.8838150
0.3707456, 0.4495722, 0.0000000
0.3847367, 0.4406524, 0.3177131
0.3847367, 0.4406524, 0.0000000
0.3847367, 0.4406524, 0.0000000
0.3856600, 0.4317893, 0.3074376
0.3779904, 0.3916826, 126.3248333
0.3779904, 0.3916826, 0.0000000
0.3589130, 0.3851749, 313.0808571
0.3589130, 0.3851749, 0.0000000
0.3590159, 0.3876065, 108.9706153
0.3590159, 0.3876065, 0.0000000
0.3626065, 0.3876065, 31.1703813
0.3626065, 0.3876065, 0.0000000
0.3571547, 0.3888149, 0.0917336
0.3571547, 0.3888149, 0.0000000
0.3571547, 0.3823529, 27.8714816
0.3571547, 0.3823529, 0.0000000
0.3488635, 0.3906250, 104.8483704
0.3488635, 0.3906250, 0.0000000
0.3358191, 0.3858599, 86.1071713
0.3358191, 0.3858599, 0.0000000
0.3226785, 0.3816915, 32.0266898
0.3226785, 0.3816915, 0.0000000
0.3166618, 0.3795872, 320.8661058
0.3166618, 0.3795872, 0.0000000
0.3225164, 0.3929272, 130.0930292
0.3225164, 0.3929272, 0.0000000
0.3289931, 0.3941059, 66.3918575
0.3289931, 0.3941059, 0.0000000
0.2924718, 0.3720464, 233.9399182
0.2924718, 0.3720464, 0.0000000
0.2874450, 0.3661813, 208.3898488
0.2874450, 0.3661813, 0.0000000
0.3025670, 0.3716836, 0.1927270
0.3025670, 0.3716836, 0.0000000
0.3022166, 0.3706161, 30.8746394
0.3022166, 0.3706161, 0.0000000
0.2955503, 0.3600986, 8.3072977
0.2955503, 0.3600986, 0.0000000
0.2921524, 0.3588573, 45.4890017
0.2921524, 0.3588573, 0.0000000
0.2905988, 0.3579324, 42.0458983
0.2905988, 0.3579324, 0.0000000
0.2857878, 0.3594943, 139.3833316
0.2857878, 0.3594943, 0.0000000
0.2969425, 0.3616031, 0.1819658
0.2969425, 0.3616031, 0.0000000
0.2977905, 0.3565594, 0.1291192
0.2977905, 0.3565594, 0.0000000
0.2992150, 0.3600554, 0.2049304
0.2992150, 0.3600554, 0.0000000
0.2891380, 0.3566158, 0.2266556
0.2891380, 0.3566158, 0.0000000
0.2852506, 0.3865395, 3.7125900
0.2802661, 0.3633789, 0.0910852
0.2802661, 0.3633789, 0.0000000
0.2802661, 0.3633789, 0.0000000
0.2782924, 0.3770958, 45.1575766
0.2790574, 0.3819083, 10.1348246
0.2790574, 0.3819083, 0.0000000
0.2796858, 0.3776897, 0.0979322
0.2796858, 0.3776897, 0.0000000
0.2796858, 0.3776897, 0.0000000
0.2782741, 0.3685607, 0.2622258
0.2782741, 0.3685607, 0.0000000
0.3033753, 0.3639811, 10.0005475
0.3063943, 0.3545941, 0.1924919
0.3063943, 0.3545941, 0.0000000
0.3063943, 0.3545941, 0.0000000
0.3003051, 0.3552331, 120.8299851
0.3003051, 0.3552331, 0.0000000
0.3003051, 0.3452214, 46.8417665
0.3003051, 0.3452214, 0.0000000
0.2850249, 0.3482937, 41.9238998
0.2850249, 0.3482937, 0.0000000
0.2787889, 0.3352572, 0.1146106
0.2660362, 0.3400699, 32.4005215
0.2660362, 0.3400699, 0.0000000
0.2787780, 0.3456727, 8.1890862
0.2787780, 0.3456727, 0.0000000
0.2849159, 0.3383442, 116.9895619
0.2849159, 0.3383442, 0.0000000
0.2867272, 0.3591957, 43.7292445
0.2867272, 0.3591957, 0.0000000
0.2910156, 0.3605641, 0.4872367
0.2910156, 0.3605641, 0.0000000
0.2755563, 0.3870271, 0.0181940
0.2755563, 0.3870271, 0.0000000
0.2792969, 0.3954355, 60.9364651
0.2792969, 0.3954355, 0.0000000
0.2478130, 0.3993417, 150.3642640
0.2478130, 0.3993417, 0.0000000
0.2338273, 0.3855794, 48.9996239
0.2338273, 0.3855794, 0.0000000
0.2279865, 0.4179688, 89.7873684
0.2279865, 0.4179688, 0.0000000
0.2217268, 0.4136138, 4.8728106
0.2217268, 0.4136138, 0.0000000
0.2108164, 0.4181191, 0.1608902
0.2108164, 0.4181191, 0.0000000
0.2034511, 0.4076921, 8.1609973
0.2034511, 0.4076921, 0.0000000
0.1954427, 0.4179688, 32.6560872
0.1954427, 0.4179688, 0.0000000
0.1769430, 0.4138282, 70.0941784
0.1769430, 0.4138282, 0.0000000
0.1993815, 0.4091471, 88.2302480
0.1993815, 0.4091471, 0.0000000
0.2102826, 0.4127976, 50.0705413
0.2102826, 0.4127976, 0.0000000
0.2403015, 0.3998674, 117.5623379
0.2403015, 0.3998674, 0.0000000
0.2524708, 0.3969803, 0.0438421
0.2524708, 0.3969803, 0.0000000
0.2591018, 0.3832104, 14.1690568
0.2591018, 0.3832104, 0.0000000
0.2727060, 0.3865741, 0.0146264
0.2727060, 0.3865741, 0.0000000
0.2726151, 0.3913981, 112.4669969
0.2726151, 0.3913981, 0.0000000
0.2209473, 0.3625436, 74.1994453
0.2209473, 0.3625436, 0.0000000
0.2471029, 0.3623889, 51.9445225
0.2471029, 0.3623889, 0.0000000
0.2276899, 0.3591518, 19.2207348
0.2276899, 0.3591518, 0.0000000
0.1808461, 0.3638961, 55.5417374
0.1808461, 0.3638961, 0.0000000
0.2095298, 0.3632786, 5.8340588
0.2095298, 0.3632786, 0.0000000
0.2026365, 0.3727748, 0.4404907
0.2026365, 0.3727748, 0.0000000
0.1964034, 0.3598191, 1.2014912
0.1964034, 0.3598191, 0.0000000
0.1646959, 0.3727748, 34.5699073
0.1646959, 0.3727748, 0.0000000
0.1761440, 0.3593299, 0.1676863
0.1761440, 0.3593299, 0.0000000
0.1762419, 0.3598496, 0.2679004
0.1762419, 0.3598496, 0.0000000
0.1502024, 0.3599469, 0.2535142
0.1502024, 0.3599469, 0.0000000
0.1482258, 0.3583608, 0.0281187
0.1482258, 0.3583608, 0.0000000
0.1478714, 0.3569973, 0.0668798
0.1478714, 0.3569973, 0.0000000
0.1404730, 0.3576999, 0.1334155
0.1404730, 0.3576999, 0.0000000
0.1373814, 0.3576999, 0.0727563
0.1373814, 0.3576999, 0.0000000
0.1289930, 0.3365219, 0.0000000
0.1289930, 0.3365219, 0.0000000
0.1186602, 0.3318552, 0.1501157
0.1186602, 0.3318552, 0.0000000
0.1123151, 0.3328890, 0.1187657
0.1123151, 0.3328890, 0.0000000
0.1301926, 0.3504971, 0.0804891
0.1301926, 0.3504971, 0.0000000
0.1261304, 0.3506935, 0.3247548
0.1261304, 0.3506935, 0.0000000
0.1174203, 0.3506935, 13.3452631
0.1174203, 0.3506935, 0.0000000
0.1264347, 0.3496385, 0.0990426
0.1264347, 0.3496385, 0.0000000
0.1201678, 0.3455429, 1.6052675
0.1201678, 0.3455429, 0.0000000
0.1176505, 0.3451229, 0.0140914
0.1176505, 0.3451229, 0.0000000
0.1139606, 0.3451229, 1.5728904
0.1139606, 0.3451229, 0.0000000
0.1123185, 0.3370714, 0.0679840
0.1123185, 0.3370714, 0.0000000
0.1047959, 0.3385451, 1.0418239
0.1047959, 0.3385451, 0.0000000
0.0967956, 0.3415618, 0.2676320
0.0967956, 0.3415618, 0.0000000
0.0955729, 0.3448443, 0.1025467
0.0955729, 0.3448443, 0.0000000
0.0965960, 0.3448443, 0.0297303
0.0965960, 0.3448443, 0.0000000
0.0950238, 0.3451229, 0.0279719
0.0950238, 0.3451229, 0.0000000
0.0950238, 0.3451229, 0.0330550
0.0950238, 0.3451229, 0.0000000
0.0950238, 0.3451229, 0.1739996
0.1021987, 0.3452455, 0.0531819
0.1021987, 0.3452455, 0.0000000
0.1021987, 0.3452455, 0.0027495
0.1021987, 0.3452455, 0.0000000
0.1021987, 0.3452455, 0.0000000
0.1011997, 0.3370714, 0.0623270
0.1011997, 0.3370714, 0.0000000
0.1029800, 0.3369487, 3.5283717
0.1057009, 0.3378243, 0.3402057
0.1057009, 0.3378243, 0.0000000
0.1057009, 0.3378243, 0.0332925
0.1057009, 0.3378243, 0.0000000
0.1057009, 0.3378243, 0.0000000
0.1031278, 0.3372442, 0.0537321
0.1031278, 0.3372442, 0.0000000
0.1076192, 0.3498815, 0.2298437
0.1012301, 0.3508422, 0.0007940
0.1012301, 0.3508422, 0.0000000
0.1012301, 0.3508422, 0.0557478
0.1012301, 0.3508422, 0.0000000
0.1012301, 0.3508422, 0.0124213
0.1012301, 0.3508422, 0.0000000
0.1012301, 0.3508422, 0.0094148
0.1012301, 0.3508422, 0.0000000
0.1012301, 0.3508422, 0.0000000
0.1012301, 0.3508422, 0.0000000
0.1012301, 0.3508422, 2.3635290
0.1012301, 0.3508422, 0.0479380
0.1012301, 0.3508422, 0.0000000
0.1042930, 0.3499981, 0.1034979
0.1042930, 0.3499981, 0.0000000
0.1064539, 0.3499981, 0.0000000
0.1064539, 0.3499981, 0.0000000
0.1033794, 0.3593750, 14.2408506
0.1033794, 0.3593750, 0.0000000
0.1033794, 0.3591957, 58.9825390
0.1033794, 0.3591957, 0.0000000
0.1046486, 0.3591957, 0.0311454
0.1046486, 0.3591957, 0.0000000
0.1046486, 0.3691148, 16.1793970
0.1046486, 0.3691148, 0.0000000
0.1074665, 0.3648490, 0.0471091
0.1074665, 0.3648490, 0.0000000
0.1074665, 0.3687811, 0.0544065
0.1074665, 0.3687811, 0.0000000
0.1053275, 0.3677322, 0.5843707
0.1053275, 0.3677322, 0.0000000
0.1042490, 0.3602663, 0.2125861
0.1042490, 0.3602663, 0.0000000
0.1044937, 0.3769823, 0.1118448
0.1044937, 0.3769823, 0.0000000
0.1044349, 0.3780372, 26.3667526
0.1020539, 0.3780372, 0.0101302
0.1020539, 0.3780372, 0.0000000
0.1020539, 0.3820587, 0.9985228
0.1020539, 0.3820587, 0.0000000
0.0947927, 0.3906250, 1.2323574
0.0947927, 0.3906250, 0.0000000
0.0947927, 0.3909801, 0.2015667
0.0947927, 0.3909801, 0.0000000
0.1064165, 0.3906250, 4.3939025
0.1064165, 0.3906250, 0.0000000
0.1068613, 0.3906250, 0.0001006
0.1068613, 0.3906250, 0.0000000
0.1071844, 0.3774378, 0.1458732
0.1071844, 0.3774378, 0.0000000
0.1071844, 0.3827835, 3.2966912
0.1071844, 0.3829201, 0.0104232
0.1071844, 0.3829201, 0.0000000
0.1071844, 0.3852821, 0.0114639
0.1071844, 0.3852821, 0.0000000
0.1071844, 0.3840221, 3.4522147
0.1071844, 0.3840221, 0.0000000
0.1096622, 0.3950674, 0.6700083
0.1096622, 0.3950674, 0.0000000
0.1097141, 0.4129519, 3.1095103
0.1097141, 0.4129519, 0.0000000
0.1099175, 0.4129519, 54.2733363
0.1099175, 0.4129519, 0.0000000
0.1077270, 0.3954437, 0.0000000
0.1077270, 0.3954437, 0.0000000
0.1094441, 0.3986267, 32.0658993
0.1094441, 0.3986267, 0.0000000
0.1094441, 0.3987430, 52.8288147
0.1094441, 0.3987430, 0.0000000
0.1094441, 0.4015383, 35.0843763
0.1094441, 0.4015383, 0.0000000
0.1094441, 0.3999715, 4.2834988
0.1094441, 0.3999715, 0.0000000
0.1094441, 0.4011839, 0.0000000
0.1094441, 0.4011839, 0.0000000
0.1094441, 0.4014006, 6.4886475
0.1094441, 0.4014006, 0.0000000
0.1139181, 0.4091440, 18.9569847
0.1264617, 0.4047016, 24.5235456
0.1264617, 0.4047016, 0.0000000
0.1286332, 0.4101481, 67.8052847
0.1286332, 0.4101481, 0.0000000
0.1266276, 0.4048824, 151.3768635
0.1266276, 0.4048824, 0.0000000
0.1264757, 0.4070487, 0.0348428
0.1264757, 0.4070487, 0.0000000
0.1267185, 0.4179894, 33.4547511
0.1267185, 0.4179894, 0.0000000
0.1267185, 0.4179894, 0.0962382
0.1267185, 0.4179894, 0.0000000
0.1269355, 0.4179894, 24.6849503
0.1269355, 0.4179894, 0.0000000
0.1269355, 0.4177339, 0.0011330
0.1269355, 0.4177339, 0.0000000
0.1302083, 0.4178786, 2.3870600
0.1302083, 0.4178786, 0.0000000
0.1341146, 0.3937674, 154.7621161
0.1341146, 0.3937674, 0.0000000
0.1330614, 0.3864315, 27.5833134
0.1330614, 0.3864315, 0.0000000
0.1330614, 0.3881752, 11.3157180
0.1330614, 0.3881752, 0.0000000
0.1330614, 0.4040360, 0.8153024
0.1166250, 0.3923485, 65.4896844
0.1166250, 0.3923485, 0.0000000
0.1139438, 0.3864315, 32.9372548
0.1139438, 0.3864315, 0.0000000
0.1139438, 0.3863013, 16.5580881
0.1139438, 0.3863013, 0.0000000
0.1031625, 0.3781595, 0.2295181
0.1031625, 0.3781595, 0.0000000
0.1049630, 0.3778538, 17.9768990
0.1049630, 0.3778538, 0.0000000
0.1030981, 0.3778538, 0.2158607
0.1030981, 0.3778538, 0.0000000
0.1033076, 0.3766659, 0.5210070
0.1033076, 0.3766659, 0.0000000
0.1034333, 0.3627662, 13.6561989
0.1034333, 0.3627662, 0.0000000
0.0871665, 0.3566037, 8.8226203
0.0871665, 0.3566037, 0.0000000
0.0916433, 0.3669082, 21.0311265
0.0916433, 0.3669082, 0.0000000
0.1094536, 0.3460642, 0.1530974
0.1094536, 0.3460642, 0.0000000
0.1460631, 0.3487530, 0.4173769
0.1470342, 0.3561280, 0.0425244
0.1470342, 0.3561280, 0.0000000
0.1622212, 0.3745754, 32.9453115
0.1622212, 0.3745754, 0.0000000
0.1727229, 0.3583708, 42.1486054
0.1769790, 0.3846955, 19.1426433
0.1769790, 0.3846955, 0.0000000
0.1777859, 0.3843757, 2.6180213
0.1777859, 0.3843757, 0.0000000
0.1962704, 0.3837498, 44.7023762
0.1962704, 0.3837498, 0.0000000
0.1898418, 0.3903126, 18.3461325
0.1898418, 0.3903126, 0.0000000
0.1859760, 0.3905582, 44.4374548
0.1859760, 0.3905582, 0.0000000
0.1775341, 0.4093506, 42.3294444
0.1775341, 0.4093506, 0.0000000
0.1807893, 0.4179688, 0.1719670
0.1807893, 0.4179688, 0.0000000
0.1837240, 0.4261347, 8.2689484
0.1837240, 0.4261347, 0.0000000
0.1894531, 0.4326895, 230.2544253
0.1894531, 0.4326895, 0.0000000
0.1898623, 0.4598897, 26.5538202
0.1898623, 0.4598897, 0.0000000
0.1897162, 0.4410467, 94.1741713
0.1897162, 0.4410467, 0.0000000
0.1835938, 0.4643842, 56.0516837
0.1835938, 0.4643842, 0.0000000
0.1837240, 0.4352911, 0.2309281
0.1837240, 0.4352911, 0.0000000
0.1835938, 0.4094680, 139.4528272
0.1835938, 0.4094680, 0.0000000
0.1895475, 0.3991257, 6.2477499
0.1895475, 0.3991257, 0.0000000
0.1895475, 0.3780872, 68.2136819
0.1895475, 0.3780872, 0.0000000
0.1895475, 0.3740809, 54.3885824
0.1895475, 0.3740809, 0.0000000
0.1894531, 0.3730820, 141.8171144
0.1894531, 0.3730820, 0.0000000
0.1933594, 0.3733107, 5.1060216
0.1933594, 0.3733107, 0.0000000
0.1933594, 0.3999311, 190.6975224
0.1933594, 0.3999311, 0.0000000
0.1875000, 0.3854539, 0.4448969
0.1875000, 0.3854539, 0.0000000
0.2157629, 0.3675502, 34.4428984
0.2157629, 0.3675502, 0.0000000
0.2493230, 0.3718388, 185.4414924
0.2493230, 0.3718388, 0.0000000
0.2627506, 0.3814742, 16.0746008
0.2627506, 0.3814742, 0.0000000
0.2667101, 0.3814742, 182.3918205
0.2667101, 0.3814742, 0.0000000
0.2464080, 0.3801294, 2.2288049
0.2464080, 0.3801294, 0.0000000
0.2254440, 0.3773082, 179.4965049
0.2254440, 0.3773082, 0.0000000
0.2061425, 0.3688430, 187.8944350
0.2061425, 0.3688430, 0.0000000
0.1934322, 0.3857387, 48.2105126
0.1934322, 0.3857387, 0.0000000
0.1969497, 0.3863301, 0.0043366
0.1969497, 0.3863301, 0.0000000
0.2088900, 0.3859639, 3.4373924
0.2088900, 0.3859639, 0.0000000
0.2088900, 0.3955113, 79.3640618
0.2088900, 0.3955113, 0.0000000
0.2088900, 0.3958333, 0.0523741
0.2088900, 0.3958333, 0.0000000
0.2088900, 0.4046520, 155.8003793
0.2121321, 0.3951603, 0.3249312
0.2121321, 0.3951603, 0.0000000
0.2091658, 0.3952100, 11.0409317
0.2091658, 0.3952100, 0.0000000
0.2146140, 0.3898810, 35.4054457
0.2146140, 0.3898810, 0.0000000
0.1994771, 0.3906250, 168.4853666
0.1994771, 0.3906250, 0.0000000
0.1992744, 0.3773437, 157.8303086
0.1992744, 0.3773437, 0.0000000
0.2056213, 0.3891085, 0.1337868
0.2056213, 0.3891085, 0.0000000
0.2082507, 0.3891085, 0.2937218
0.2082507, 0.3891085, 0.0000000
0.2060292, 0.3906250, 0.0392541
0.2060292, 0.3906250, 0.0000000
0.2120780, 0.3876411, 0.2547901
0.2120780, 0.3876411, 0.0000000
0.2086325, 0.3815828, 140.6082649
0.2086325, 0.3815828, 0.0000000
0.2093848, 0.3815828, 118.1699141
0.2093848, 0.3815828, 0.0000000
0.2093956, 0.3815828, 21.4990828
0.2093956, 0.3815828, 0.0000000
0.2134916, 0.3859592, 77.6416606
0.2134916, 0.3859592, 0.0000000
0.2134916, 0.3821243, 25.9873551
0.2186716, 0.3770647, 29.6749840
0.2186716, 0.3770647, 0.0000000
0.2180618, 0.3735308, 54.8115097
0.2180618, 0.3735308, 0.0000000
0.2180618, 0.3698958, 0.0978421
0.2180618, 0.3698958, 0.0000000
0.2181379, 0.3730469, 0.2456033
0.2181379, 0.3730469, 0.0000000
0.2147712, 0.3622608, 0.1627288
0.2147712, 0.3622608, 0.0000000
0.2118512, 0.3576460, 0.0646615
0.2118512, 0.3576460, 0.0000000
0.2050316, 0.3551584, 0.2564536
0.2050316, 0.3551584, 0.0000000
0.1978534, 0.3091793, 58.1297968
0.1978534, 0.3091793, 0.0000000
0.1968444, 0.3609973, 89.8573481
0.1968444, 0.3609973, 0.0000000
0.1893611, 0.3610243, 57.7026243
0.1893611, 0.3610243, 0.0000000
0.1966816, 0.3551267, 0.2350004
0.1966816, 0.3551267, 0.0000000
0.2015831, 0.3545006, 22.1625979
0.2015831, 0.3545006, 0.0000000
0.2021949, 0.3539053, 20.7133257
0.2021949, 0.3539053, 0.0000000
0.1717784, 0.3446564, 15.5896315
0.1717784, 0.3446564, 0.0000000
0.1833640, 0.3267448, 17.4667258
0.1833640, 0.3267448, 0.0000000
0.1814108, 0.3191072, 0.4145979
0.1814108, 0.3191072, 0.0000000
0.1803887, 0.3210968, 0.1585556
0.1803887, 0.3210968, 0.0000000
0.1771009, 0.3136129, 0.3213753
0.1771009, 0.3136129, 0.0000000
0.1740813, 0.3055103, 57.8964779
0.1740813, 0.3055103, 0.0000000
0.1721062, 0.3048419, 8.0598896
0.1721062, 0.3048419, 0.0000000
0.1711496, 0.2960455, 45.7378530
0.1711496, 0.2960455, 0.0000000
0.1591867, 0.2862239, 0.5621437
0.1591867, 0.2862239, 0.0000000
0.1587054, 0.2814711, 0.0088323
0.1587054, 0.2814711, 0.0000000
0.1587054, 0.2720078, 0.0038070
0.1587054, 0.2576007, 45.2779496
0.1587054, 0.2576007, 0.0000000
0.1583968, 0.2502304, 53.7509849
0.1583968, 0.2502304, 0.0000000
0.1583968, 0.2439060, 0.0182940
0.1583968, 0.2439060, 0.0000000
0.1583968, 0.2408743, 44.7245043
0.1583968, 0.2408743, 0.0000000
0.1583968, 0.2320801, 0.0000000
0.1583968, 0.2320801, 0.0000000
0.1592233, 0.2367950, 0.0136487
0.1592233, 0.2367950, 0.0000000
0.1298610, 0.2324619, 42.2830448
0.1298610, 0.2324619, 0.0000000
0.1306349, 0.2323782, 0.0180675
0.1306349, 0.2323782, 0.0000000
0.1295873, 0.3183594, 17.2769572
0.1295873, 0.3183594, 0.0000000
0.1316047, 0.3177662, 5.7802321
0.1316047, 0.3177662, 0.0000000
0.1316047, 0.3177662, 0.0459200
0.1316047, 0.3177662, 0.0000000
0.1583845, 0.3216347, 46.4899398
0.1583845, 0.3216347, 0.0000000
0.1359521, 0.3216347, 82.8167274
0.1359521, 0.3216347, 0.0000000
0.1583845, 0.3130684, 24.1819322
0.1583845, 0.3130684, 0.0000000
0.1579809, 0.3130684, 67.9030334
0.1579809, 0.3130684, 0.0000000
0.1579809, 0.3216347, 0.1877064
0.1579809, 0.3216347, 0.0000000
0.1583845, 0.3203911, 0.0500349
0.1583845, 0.3203911, 0.0000000
0.1583845, 0.3272418, 0.0449389
0.1583845, 0.3272418, 0.0000000
0.1583845, 0.3272418, 0.0004672
0.1583845, 0.3272418, 0.0000000
0.1579809, 0.3280737, 0.0000000
0.1579809, 0.3280737, 0.0000000
0.1579809, 0.3300029, 0.0523396
0.1579809, 0.3300029, 0.0000000
0.1579809, 0.3312547, 0.0179798
0.1579809, 0.3312547, 0.0000000
0.1583845, 0.2447376, 85.7097709
0.1583845, 0.2447376, 0.0000000
0.1583845, 0.2495721, 0.0057201
0.1583845, 0.2495721, 0.0000000
0.1579809, 0.3392005, 19.1967820
0.1579809, 0.3392005, 0.0000000
0.1583845, 0.3455696, 4.7603837
0.1583845, 0.3455696, 0.0000000
0.1583845, 0.2556168, 0.0009018
0.1583845, 0.2556168, 0.0000000
0.1583845, 0.2623804, 0.0001146
0.1583845, 0.2623804, 0.0000000
0.1583845, 0.2662629, 0.0304563
0.1583845, 0.2662629, 0.0000000
0.1583845, 0.2697863, 6.6692833
0.1583845, 0.2697863, 0.0000000
0.1579809, 0.2633548, 0.0056651
0.1579809, 0.2633548, 0.0000000
0.1579809, 0.2722796, 0.1820543
0.1579809, 0.2722796, 0.0000000
0.1579809, 0.4091471, 18.5909247
0.1579809, 0.4091471, 0.0000000
0.1579809, 0.2746615, 112.6758076
0.1579809, 0.2746615, 0.0000000
0.1611317, 0.2862081, 18.4871111
0.1611317, 0.2862081, 0.0000000
0.1641927, 0.2853022, 112.1679133
0.1641927, 0.2853022, 0.0000000
0.1641927, 0.2812316, 10.7355159
0.1641927, 0.2812316, 0.0000000
0.1676529, 0.2946478, 0.0027529
0.1676529, 0.2946478, 0.0000000
0.1711496, 0.4177637, 51.5260685
0.1711496, 0.4177637, 0.0000000
0.1711496, 0.4174490, 0.0011912
0.1711496, 0.4174490, 0.0000000
0.1711496, 0.3316543, 5.5277944
0.1711496, 0.3316543, 0.0000000
0.1711496, 0.3364809, 0.0061618
0.1711496, 0.3364809, 0.0000000
0.1711496, 0.3407878, 0.0804986
0.1711496, 0.3407878, 0.0000000
0.1694390, 0.3454038, 7.0067981
0.1694390, 0.3454038, 0.0000000
0.1748304, 0.3499324, 25.2222450
0.1748304, 0.3499324, 0.0000000
0.1755351, 0.3540310, 0.0099785
0.1755351, 0.3540310, 0.0000000
0.1772387, 0.3504708, 8.3539136
0.1772387, 0.3504708, 0.0000000
0.1771033, 0.3406375, 116.2074345
0.1771033, 0.3406375, 0.0000000
0.1742103, 0.3676525, 0.0018997
0.1742103, 0.3676525, 0.0000000
0.1733245, 0.3676525, 3.9118772
0.1733245, 0.3676525, 0.0000000
0.1699219, 0.3823529, 0.1818662
0.1699219, 0.3823529, 0.0000000
0.1699219, 0.3772244, 175.7911879
0.1699219, 0.3772244, 0.0000000
0.1649942, 0.3772244, 34.5908229
0.1649942, 0.3772244, 0.0000000
0.1656953, 0.3772244, 0.0256169
0.1656953, 0.3772244, 0.0000000
0.1500861, 0.3720668, 0.1177945
0.1500861, 0.3720668, 0.0000000
0.1486427, 0.3721694, 0.0260298
0.1486427, 0.3721694, 0.0000000
0.1471617, 0.3665202, 181.8939130
0.1471617, 0.3665202, 0.0000000
0.1457249, 0.3720443, 9.3427959
0.1457249, 0.3720443, 0.0000000
0.1440194, 0.3723916, 0.0022577
0.1440194, 0.3723916, 0.0000000
0.1364475, 0.3808852, 0.0705139
0.1364475, 0.3808852, 0.0000000
0.1297994, 0.3776477, 2.5241546
0.1297994, 0.3776477, 0.0000000
0.1286983, 0.3707333, 3.3823202
0.1286983, 0.3707333, 0.0000000
0.1297994, 0.3991913, 45.8683892
0.1297994, 0.3991913, 0.0000000
0.1297994, 0.3991913, 176.3674489
0.1297994, 0.3991913, 0.0000000
0.1297994, 0.4011445, 0.5398799
0.1297994, 0.4011445, 0.0000000
0.1296651, 0.4035737, 0.0404272
0.1296651, 0.4035737, 0.0000000
0.1296651, 0.4079081, 0.0107328
0.1296651, 0.4079081, 0.0000000
0.1295743, 0.4061743, 150.9314862
0.1295743, 0.4061743, 0.0000000
0.1295743, 0.3909989, 122.0514805
0.1295743, 0.3909989, 0.0000000
0.1297994, 0.3909989, 0.1649981
0.1297994, 0.3909989, 0.0000000
0.1297994, 0.3919685, 0.1156053
0.1297994, 0.3919685, 0.0000000
0.1233945, 0.4081870, 29.6737346
0.1233945, 0.4081870, 0.0000000
0.1233945, 0.4039650, 49.5238417
0.1233945, 0.4039650, 0.0000000
0.1246187, 0.4126581, 22.8777046
0.1246187, 0.4126581, 0.0000000
0.1246187, 0.4126581, 0.0103449
0.1246187, 0.4126581, 0.0000000
0.1246187, 0.4137277, 112.5247705
0.1246187, 0.4137277, 0.0000000
0.1246187, 0.4222284, 0.8212909
0.1246187, 0.4222284, 0.0000000
0.1248003, 0.4222284, 0.0047241
0.1248003, 0.4222284, 0.0000000
0.1248003, 0.4222284, 0.0000000
0.1248003, 0.4222284, 0.0000000
0.1245083, 0.4222284, 0.0638641
0.1245083, 0.4222284, 0.0000000
0.1248003, 0.4222284, 0.0877502
0.1248003, 0.4222284, 0.0000000
0.1248003, 0.4222284, 0.1990389
0.1248003, 0.4222284, 0.0000000
0.1248003, 0.4174817, 0.0210696
0.1248003, 0.4174817, 0.0000000
0.1233945, 0.3975660, 5.7098044
0.1233945, 0.3975660, 0.0000000
0.1233945, 0.3989186, 0.0056149
0.1233945, 0.3989186, 0.0000000
0.1266076, 0.4174817, 27.3036650
0.1266076, 0.4174817, 0.0000000
0.1281243, 0.4174817, 0.0410442
0.1281243, 0.4174817, 0.0000000
0.1297850, 0.4124628, 0.0052576
0.1297850, 0.4124628, 0.0000000
0.1233945, 0.4006458, 147.7348855
0.1233945, 0.4006458, 0.0000000
0.1331601, 0.3934975, 0.0211932
0.1331601, 0.3934975, 0.0000000
0.1377017, 0.4003906, 23.8850511
0.1377017, 0.4003906, 0.0000000
0.1381510, 0.4003906, 4.9175801
0.1381510, 0.4003906, 0.0000000
0.1382737, 0.3945313, 0.0017916
0.1382737, 0.3945313, 0.0000000
0.1382737, 0.3773270, 165.0462037
0.1382737, 0.3773270, 0.0000000
0.1408858, 0.3734207, 54.0518044
0.1408858, 0.3734207, 0.0000000
0.1407001, 0.3734207, 20.6771783
0.1407001, 0.3734207, 0.0000000
0.1438807, 0.3658017, 0.0545729
0.1438807, 0.3658017, 0.0000000
0.1438807, 0.3650999, 0.0000000
0.1438807, 0.3650999, 0.0000000
0.1445944, 0.3650999, 0.0129668
0.1445944, 0.3650999, 0.0000000
0.1418411, 0.3773270, 125.7242784
0.1418411, 0.3773270, 0.0000000
0.1426061, 0.3773270, 0.0121076
0.1426061, 0.3773270, 0.0000000
0.1456163, 0.3776821, 24.6916509
0.1456163, 0.3776821, 0.0000000
0.1457589, 0.3909801, 34.7933635
0.1457589, 0.3909801, 0.0000000
0.1454504, 0.3867204, 129.2462556
0.1454504, 0.3867204, 0.0000000
0.1330629, 0.3828125, 4.4434192
0.1330629, 0.3828125, 0.0000000
0.1065212, 0.3780288, 0.0319066
0.1065212, 0.3780288, 0.0000000
0.1454504, 0.3780288, 10.3243124
0.1454504, 0.3780288, 0.0000000
0.1454504, 0.3789345, 0.0835553
0.1454504, 0.3789345, 0.0000000
0.1173800, 0.3789345, 150.7009901
0.1173800, 0.3789345, 0.0000000
0.1130835, 0.3780288, 0.1007347
0.1130835, 0.3780288, 0.0000000
0.1130835, 0.3771134, 0.0202034
0.1130835, 0.3771134, 0.0000000
0.1099847, 0.3771134, 0.2182250
0.1099847, 0.3771134, 0.0000000
0.1104058, 0.3771134, 0.2680636
0.1104058, 0.3771134, 0.0000000
0.1104058, 0.3770952, 0.0183404
0.1104058, 0.3770952, 0.0000000
0.1104058, 0.3758007, 3.6600987
0.1104058, 0.3758007, 0.0000000
0.1177232, 0.3758007, 13.9116509
0.1177232, 0.3758007, 0.0000000
0.1130188, 0.3620648, 88.4163286
0.1130188, 0.3620648, 0.0000000
0.1194508, 0.3779297, 93.7110739
0.1194508, 0.3779297, 0.0000000
0.1194508, 0.3779297, 5.9669091
0.1194508, 0.3779297, 0.0000000
0.1258224, 0.3770894, 11.5082178
0.1258224, 0.3770894, 0.0000000
0.1258224, 0.3770894, 0.0000000
0.1258224, 0.3770894, 0.0000000
0.1263877, 0.3770894, 6.2547279
0.1263877, 0.3770894, 0.0000000
0.1323632, 0.3770894, 0.0717005
0.1323632, 0.3770894, 0.0000000
0.1323632, 0.3770894, 7.2901801
0.1323632, 0.3770894, 0.0000000
0.1271348, 0.3770894, 179.0968392
0.1271348, 0.3770894, 0.0000000
0.1363076, 0.3758007, 0.0166695
0.1363076, 0.3758007, 0.0000000
0.1414065, 0.3759254, 0.0009579
0.1414065, 0.3759254, 0.0000000
0.1410343, 0.3759254, 0.0081935
0.1410343, 0.3759254, 0.0000000
0.1432520, 0.3761828, 19.9811752
0.1432520, 0.3761828, 0.0000000
0.1418284, 0.3774773, 0.0540639
0.1418284, 0.3774773, 0.0000000
0.1456163, 0.3774773, 0.0052931
0.1456163, 0.3774773, 0.0000000
0.1456163, 0.3774773, 0.0000000
0.1484375, 0.3770952, 0.0000000
0.1510127, 0.3624706, 103.0655682
0.1510127, 0.3624706, 0.0000000
0.1510127, 0.3624706, 0.0000000
0.1510127, 0.3624706, 0.0188929
0.1510127, 0.3624706, 0.0000000
0.1533770, 0.3618094, 0.0156297
0.1533770, 0.3618094, 0.0000000
0.1533770, 0.3593076, 3.7678811
0.1528183, 0.3593752, 0.0332650
0.1528183, 0.3593752, 0.0000000
0.1528183, 0.3600364, 0.0197445
0.1528183, 0.3600364, 0.0000000
0.1528183, 0.3600364, 0.0000000
0.1560154, 0.3619849, 2.6563788
0.1560154, 0.3619849, 0.0185973
0.1560154, 0.3619849, 0.0000000
0.1560154, 0.3626006, 0.0022885
0.1560154, 0.3626006, 0.0000000
0.1560154, 0.3626006, 0.0054320
0.1560154, 0.3626006, 0.0000000
0.1560154, 0.3626006, 3.7589075
0.1560154, 0.3626006, 0.0000000
0.1560154, 0.3626006, 0.0000000
0.1555005, 0.3626006, 19.8976576
0.1555005, 0.3626006, 0.0000000
0.1602472, 0.3626006, 5.7303438
0.1613161, 0.3626006, 10.8099550
0.1613161, 0.3626006, 0.0000000
0.1613161, 0.3626006, 58.3309086
0.1613161, 0.3626006, 0.0000000
0.1617140, 0.3626006, 0.5306892
0.1617140, 0.3626006, 0.0000000
0.1617140, 0.3626006, 0.0127067
0.1617140, 0.3626006, 0.0000000
0.1588310, 0.3604763, 28.4289694
0.1588310, 0.3604763, 0.0000000
0.1588310, 0.3604763, 0.0000000
0.1617751, 0.3604763, 7.4202318
0.1641296, 0.3604763, 17.4346845
0.1641296, 0.3604763, 0.0000000
0.1606914, 0.3622562, 7.0714710
0.1606914, 0.3622562, 0.0000000
0.1637842, 0.3741056, 33.9208320
0.1637842, 0.3741056, 0.0000000
0.1637842, 0.3741056, 0.0000000
0.1577494, 0.3640856, 29.3346143
0.1577494, 0.3640856, 0.0000000
0.1560729, 0.3633426, 0.2795930
0.1704508, 0.3631490, 0.1891983
0.1704508, 0.3631490, 0.0000000
0.1704508, 0.3631490, 0.0000000
0.1773803, 0.3731079, 46.1080249
0.1773803, 0.3731079, 0.0000000
0.1837348, 0.3640856, 2.4374169
0.1837348, 0.3640856, 0.0000000
0.1895709, 0.3656725, 4.5420966
0.1895709, 0.3656725, 0.0000000
0.1895709, 0.3558952, 10.5359452
0.1895709, 0.3558952, 0.0000000
0.1948065, 0.3547149, 0.1421168
0.1959457, 0.3735579, 0.0141727
0.1959457, 0.3735579, 0.0000000
0.1959457, 0.3735579, 0.0000000
0.1959457, 0.3735579, 2.6846790
0.1959457, 0.3735579, 0.0000000
0.1959457, 0.3638110, 120.2194897
0.1959457, 0.3638110, 0.0000000
0.1959457, 0.3638110, 0.0033470
0.1959457, 0.3638110, 0.0000000
0.1987694, 0.3638110, 0.1197664
0.1963743, 0.3725096, 17.0897549
0.1963743, 0.3725096, 0.0000000
0.1963743, 0.3725096, 0.0000000
0.1952372, 0.3821243, 0.6803114
0.1952372, 0.3821243, 0.0000000
0.1951355, 0.3821243, 0.0207692
0.1951355, 0.3821243, 0.0000000
0.1983564, 0.3779308, 0.0313978
0.1983564, 0.3779308, 0.0000000
0.1964913, 0.3734075, 0.3071205
0.1968193, 0.3282342, 1.7680255
0.1968193, 0.3282342, 0.0000000
0.1968193, 0.3282342, 0.0000000
0.1960853, 0.3430392, 0.2744713
0.1960853, 0.3430392, 0.0000000
0.2014974, 0.3263836, 5.3996125
0.1981771, 0.3203792, 0.0428228
0.1981771, 0.3203792, 0.0000000
0.1947530, 0.3264422, 157.6580214
0.1947530, 0.3264422, 0.0000000
0.1945474, 0.3156247, 109.9169812
0.1945474, 0.3156247, 0.0000000
0.1946591, 0.3804370, 14.6832893
0.1946591, 0.3804370, 0.0000000
0.1946591, 0.3804370, 0.0000000
0.1928012, 0.3512520, 148.7752989
0.1928012, 0.3512520, 0.0000000
0.1933938, 0.3806530, 10.1803930
0.1933938, 0.3806530, 0.0000000
0.2020077, 0.3512520, 8.4787689
0.2020077, 0.3512520, 0.0000000
0.2377993, 0.3534141, 75.4475294
0.2377993, 0.3534141, 0.0000000
0.2440077, 0.3633699, 0.8868679
0.2440077, 0.3633699, 0.0000000
0.2465049, 0.3685979, 116.6994681
0.2465049, 0.3685979, 0.0000000
0.2531969, 0.4963444, 72.3996447
0.2531969, 0.4963444, 0.0000000
0.2531291, 0.3635040, 103.7633293
0.2531291, 0.3635040, 0.0000000
0.2590805, 0.3718476, 7.1534375
0.2590805, 0.3718476, 0.0000000
0.2634910, 0.3806692, 0.1871202
0.2634910, 0.3806692, 0.0000000
0.2703070, 0.4005596, 109.2198310
0.2703070, 0.4005596, 0.0000000
0.2720269, 0.4049924, 46.8537535
0.2720269, 0.4049924, 0.0000000
0.2778863, 0.3903255, 159.4373069
0.2778863, 0.3903255, 0.0000000
0.2841222, 0.3743132, 4.3145976
0.2841222, 0.3743132, 0.0000000
0.2841222, 0.3851615, 222.8831915
0.2841222, 0.3851615, 0.0000000
0.2821846, 0.4044271, 95.3381262
0.2821846, 0.4044271, 0.0000000
0.2603140, 0.3927913, 227.9285818
0.2603140, 0.3927913, 0.0000000
0.2565565, 0.4091353, 42.8069054
0.2565565, 0.4091353, 0.0000000
0.2469665, 0.4224617, 80.7587619
0.2469665, 0.4224617, 0.0000000
0.2408982, 0.4266855, 0.7298660
0.2408982, 0.4266855, 0.0000000
0.2297922, 0.4271599, 173.9824730
0.2297922, 0.4271599, 0.0000000
0.2463469, 0.4092520, 36.5749250
0.2463469, 0.4092520, 0.0000000
0.2465007, 0.4453125, 3.9242195
0.2465007, 0.4453125, 0.0000000
0.2539063, 0.4411011, 210.2734108
0.2539063, 0.4411011, 0.0000000
0.2095269, 0.3867188, 0.2709497
0.2095269, 0.3867188, 0.0000000
0.2559539, 0.3781524, 0.1265930
0.2559539, 0.3781524, 0.0000000
0.2086467, 0.3497957, 30.3235940
0.2086467, 0.3497957, 0.0000000
0.2545922, 0.3583984, 64.5537456
0.2545922, 0.3583984, 0.0000000
0.2145262, 0.3593471, 32.7111466
0.2145262, 0.3593471, 0.0000000
0.2217412, 0.3658622, 0.5979111
0.2217412, 0.3658622, 0.0000000
0.2690406, 0.3371914, 255.9512431
0.2690406, 0.3371914, 0.0000000
0.2881625, 0.3482841, 19.5818363
0.2881625, 0.3482841, 0.0000000
0.2909365, 0.3643363, 5.9759894
0.2909365, 0.3643363, 0.0000000
0.2778432, 0.3523925, 242.8759259
0.2778432, 0.3523925, 0.0000000
0.2348359, 0.3513828, 0.1582967
0.2348359, 0.3513828, 0.0000000
0.2375565, 0.3859691, 0.1006687
0.2375565, 0.3859691, 0.0000000
0.2419341, 0.3859691, 0.2378752
0.2419341, 0.3859691, 0.0000000
0.2376251, 0.3717602, 3.8509812
0.2376251, 0.3717602, 0.0000000
0.2389646, 0.3751200, 269.9773024
0.2389646, 0.3751200, 0.0000000
0.2696539, 0.3713487, 248.9618012
0.2696539, 0.3713487, 0.0000000
0.2593544, 0.3550233, 27.6661052
0.2593544, 0.3550233, 0.0000000
0.2150836, 0.3723787, 1.9011096
0.2150836, 0.3723787, 0.0000000
0.2208909, 0.3772615, 5.4121707
0.2208909, 0.3674959, 0.4403035
0.2208909, 0.3674959, 0.0000000
0.2208909, 0.3674959, 0.0000000
0.2177854, 0.3821873, 0.5002385
0.2177854, 0.3821873, 0.0000000
0.2101338, 0.3721730, 2.1059561
0.2101338, 0.3721730, 0.0000000
0.2217605, 0.3692373, 16.5460394
0.2165252, 0.3575242, 37.7516779
0.2165252, 0.3575242, 0.0000000
0.2193400, 0.3592722, 74.9238750
0.2193400, 0.3592722, 0.0000000
0.2193400, 0.3592722, 0.0000000
0.2630751, 0.3572931, 0.2128827
0.2630751, 0.3572931, 0.0000000
0.2630751, 0.3511029, 81.3820935
0.2630751, 0.3511029, 0.0000000
0.2652248, 0.3597301, 32.4912808
0.2652248, 0.3597301, 0.0000000
0.2679178, 0.3565116, 10.5228104
0.2679178, 0.3565116, 0.0000000
0.2657958, 0.3636364, 11.5530008
0.2657958, 0.3636364, 0.0000000
0.2628119, 0.3525900, 7.1422788
0.2628119, 0.3525900, 0.0000000
0.2663275, 0.3572984, 35.5106247
0.2663275, 0.3572984, 0.0000000
0.2647011, 0.3611971, 0.0177449
0.2647011, 0.3611971, 0.0000000
0.2681126, 0.3546595, 6.7671630
0.2681126, 0.3546595, 0.0000000
0.2683528, 0.3734093, 44.5560530
0.2683528, 0.3734093, 0.0000000
0.2683528, 0.3680085, 12.7557232
0.2683528, 0.3680085, 0.0000000
0.2724035, 0.3744456, 138.5540273
0.2724035, 0.3744456, 0.0000000
0.2724035, 0.3693673, 91.7753862
0.2724035, 0.3693673, 0.0000000
0.2789549, 0.3702000, 48.9475422
0.2789549, 0.3702000, 0.0000000
0.2764231, 0.3633238, 200.4163613
0.2764231, 0.3633238, 0.0000000
0.2879607, 0.3591482, 8.7555995
0.2879607, 0.3591482, 0.0000000
0.3021829, 0.3540467, 22.5673214
0.3021829, 0.3540467, 0.0000000
0.3074167, 0.3406838, 13.7815160
0.3352223, 0.4005424, 119.3332899
0.3352223, 0.4005424, 0.0000000
0.3455848, 0.3300454, 14.9976018
0.3455848, 0.3300454, 0.0000000
0.3575792, 0.3268494, 22.0605184
0.3575792, 0.3268494, 0.0000000
0.3605841, 0.3233086, 0.3924204
0.3605841, 0.3233086, 0.0000000
0.3700671, 0.4580334, 90.9680302
0.3700671, 0.4580334, 0.0000000
0.3716051, 0.3269274, 102.6375153
0.3716051, 0.3269274, 0.0000000
0.3637496, 0.4540292, 98.7516725
0.3637496, 0.4540292, 0.0000000
0.3357071, 0.3125638, 95.4066608
0.3770681, 0.3383967, 139.0988192
0.3770681, 0.3383967, 0.0000000
0.3797286, 0.4128632, 140.7532815
0.3797286, 0.4128632, 0.0000000
0.3268429, 0.4588278, 0.7942344
0.3101463, 0.3595357, 36.9329269
0.3101463, 0.3595357, 0.0000000
0.3164063, 0.3740952, 29.5324925
0.3164063, 0.3740952, 0.0000000
0.3243904, 0.3564367, 208.7725044
0.3243904, 0.3564367, 0.0000000
0.3079055, 0.3520676, 0.0652255
0.3055255, 0.3728138, 338.2402925
0.3055255, 0.3728138, 0.0000000
0.3396835, 0.3964154, 103.1508443
0.3396835, 0.3964154, 0.0000000
0.3454127, 0.3594218, 303.3549782
0.3454127, 0.3594218, 0.0000000
0.3475611, 0.3538080, 25.3200844
0.3475611, 0.3538080, 0.0000000
0.3479811, 0.3496094, 148.3081592
0.3479811, 0.3496094, 0.0000000
0.3669577, 0.3634016, 113.6593172
0.3669577, 0.3634016, 0.0000000
0.3736553, 0.3537832, 86.4502269
0.3736553, 0.3537832, 0.0000000
0.3547401, 0.4132546, 179.5436342
0.3547401, 0.4132546, 0.0000000
0.3697425, 0.4081831, 6.6077694
0.3697425, 0.4081831, 0.0000000
0.3931236, 0.3966517, 145.6265920
0.4083479, 0.3863150, 193.6482375
0.4083479, 0.3863150, 0.0000000
0.4557029, 0.3767936, 93.6800105
0.4557029, 0.3767936, 0.0000000
0.4070377, 0.3670537, 11.3444937
0.4070377, 0.3670537, 0.0000000
0.3872769, 0.3691173, 0.0166316
0.3872769, 0.3691173, 0.0000000
0.4747353, 0.3727451, 223.5471424
0.4747353, 0.3727451, 0.0000000
0.4798177, 0.3528724, 3.3452303
0.4798177, 0.3528724, 0.0000000
0.4915756, 0.3357781, 0.1537326
0.4915756, 0.3357781, 0.0000000
0.5034971, 0.3945929, 156.3628899
0.5034971, 0.3945929, 0.0000000
0.5066881, 0.2868610, 351.3895917
0.5066881, 0.2868610, 0.0000000
0.4624794, 0.3763860, 232.4084895
0.5001343, 0.2691909, 182.1549978
0.5001343, 0.2691909, 0.0000000
0.4999594, 0.3147521, 186.8941664
0.4999594, 0.3147521, 0.0000000
0.4934261, 0.3151178, 1.4667787
0.4934261, 0.3151178, 0.0000000
0.4870596, 0.3005821, 117.1881505
0.4870596, 0.3005821, 0.0000000
0.3907866, 0.3010541, 14.7857112
0.3907866, 0.3010541, 0.0000000
0.4492188, 0.2046079, 100.5270634
0.4492188, 0.2046079, 0.0000000
0.4434896, 0.1367188, 65.0875770
0.4223386, 0.1005668, 0.1100045
0.4223386, 0.1005668, 0.0000000
0.4228904, 0.1084418, 69.2665306
0.4228904, 0.1084418, 0.0000000
0.4554056, 0.1353662, 25.2057542
0.4554056, 0.1353662, 0.0000000
0.4281679, 0.0985669, 0.0321857
0.4281679, 0.0985669, 0.0000000
0.4494160, 0.1351244, 0.2131207
0.4494160, 0.1351244, 0.0000000
0.4494160, 0.2179962, 194.6264495
0.4293802, 0.1640625, 42.8843914
0.4293802, 0.1640625, 0.0000000
0.3924243, 0.2179962, 11.9072172
0.3924243, 0.2179962, 0.0000000
0.3925962, 0.1628632, 226.1715852
0.3925962, 0.1628632, 0.0000000
0.4241887, 0.1723452, 347.3298122
0.4241887, 0.1723452, 0.0000000
0.2684642, 0.1554962, 100.0682426
0.2684642, 0.1554962, 0.0000000
0.4429318, 0.2179337, 191.2078296
0.4429318, 0.2179337, 0.0000000
0.4425551, 0.2498080, 26.1725778
0.4425551, 0.2498080, 0.0000000
0.3987860, 0.1420920, 141.5960092
0.3987860, 0.1420920, 0.0000000
0.4064777, 0.1761673, 29.7296333
0.4064777, 0.1761673, 0.0000000
0.4171789, 0.2405396, 205.7927188
0.4171789, 0.2405396, 0.0000000
0.4204738, 0.1657892, 375.1886658
0.4204738, 0.1657892, 0.0000000
0.4414063, 0.2460938, 196.0277859
0.4414063, 0.2460938, 0.0000000
0.4048963, 0.1818391, 172.4450662
0.4228953, 0.2451512, 206.7848660
0.4228953, 0.2451512, 0.0000000
0.4550781, 0.1776316, 19.0719488
0.4550781, 0.1776316, 0.0000000
0.4047957, 0.1822209, 16.9466637
0.4047957, 0.1822209, 0.0000000
0.4132150, 0.1777083, 0.0004755
0.4132150, 0.1777083, 0.0000000
0.4110754, 0.2028714, 0.0867234
0.4110754, 0.2028714, 0.0000000
0.4496691, 0.1956956, 110.9572133
0.4496691, 0.1956956, 0.0000000
0.4531250, 0.1912270, 210.9733873
0.4531250, 0.1912270, 0.0000000
0.4254775, 0.1819649, 122.4248106
0.4254775, 0.1819649, 0.0000000
0.2660552, 0.1804536, 15.8626863
0.2660552, 0.1804536, 0.0000000
0.4317110, 0.1737975, 103.2492137
0.4317110, 0.1737975, 0.0000000
0.4300987, 0.1634964, 0.0474161
0.4300987, 0.1634964, 0.0000000
0.4359581, 0.1619466, 0.0894768
0.4359581, 0.1619466, 0.0000000
0.4321198, 0.1597380, 92.0817540
0.4321198, 0.1597380, 0.0000000
0.4394531, 0.1492590, 96.6141847
0.4394531, 0.1492590, 0.0000000
0.2882650, 0.1496730, 54.1028050
0.2882650, 0.1496730, 0.0000000
0.3960047, 0.1473496, 0.0220228
0.3960047, 0.1473496, 0.0000000
0.3861002, 0.1417531, 52.5387504
0.3861002, 0.1417531, 0.0000000
0.3926711, 0.1313266, 155.8873756
0.3926711, 0.1313266, 0.0000000
0.3799403, 0.1211537, 0.3709742
0.3799403, 0.1211537, 0.0000000
0.4109004, 0.1521082, 20.0830667
0.4109004, 0.1521082, 0.0000000
0.4174891, 0.1592175, 98.9190637
0.4174891, 0.1592175, 0.0000000
0.4588241, 0.1688911, 123.0819145
0.4588241, 0.1688911, 0.0000000
0.4550781, 0.1706172, 0.0828732
0.4550781, 0.1706172, 0.0000000
0.4476853, 0.1719973, 46.4606382
0.4476853, 0.1719973, 0.0000000
0.4046131, 0.1817604, 82.7908649
0.4046131, 0.1817604, 0.0000000
0.3987579, 0.1836539, 61.5055220
0.3987579, 0.1836539, 0.0000000
0.3987579, 0.1853622, 156.9660490
0.3987579, 0.1853622, 0.0000000
0.3987579, 0.1779259, 25.4240259
0.3987579, 0.1779259, 0.0000000
0.3955213, 0.1779364, 0.1491798
0.3955213, 0.1779364, 0.0000000
0.3968971, 0.1781258, 13.0043769
0.3968971, 0.1781258, 0.0000000
0.4466978, 0.1595330, 241.0880787
0.4466978, 0.1595330, 0.0000000
0.4462554, 0.1592844, 4.3346004
0.4462554, 0.1592844, 0.0000000
0.3957032, 0.1594776, 133.4317347
0.3957032, 0.1594776, 0.0000000
0.4494594, 0.1592490, 0.1148413
0.4494594, 0.1592490, 0.0000000
0.4491401, 0.1550098, 88.4863605
0.4491401, 0.1550098, 0.0000000
0.3888021, 0.1125659, 71.9454029
0.3888021, 0.1125659, 0.0000000
0.4498348, 0.1511795, 113.6857647
0.4498348, 0.1511795, 0.0000000
0.4489157, 0.1241952, 34.9515847
0.4489157, 0.1241952, 0.0000000
0.4509148, 0.1308265, 0.6282342
0.4509148, 0.1308265, 0.0000000
0.4446878, 0.1230647, 0.0601311
0.4446878, 0.1230647, 0.0000000
0.4431860, 0.2019137, 194.6969399
0.4431860, 0.2019137, 0.0000000
0.3346253, 0.2023455, 118.6433612
0.3346253, 0.2023455, 0.0000000
0.4315688, 0.2034784, 30.3794130
0.4315688, 0.2034784, 0.0000000
0.4240025, 0.2059465, 0.1372728
0.3428209, 0.2218788, 87.3130299
0.3428209, 0.2218788, 0.0000000
0.4128945, 0.2322677, 9.2003654
0.4128945, 0.2322677, 0.0000000
0.3502896, 0.2321842, 16.1810409
0.3502896, 0.2321842, 0.0000000
0.3513854, 0.2320538, 46.3706138
0.3513854, 0.2320538, 0.0000000
0.3494594, 0.2459510, 33.9231058
0.3494594, 0.2459510, 0.0000000
0.3545496, 0.2317336, 6.5790146
0.3545496, 0.2317336, 0.0000000
0.3922045, 0.1621320, 57.8079865
0.3922045, 0.1621320, 0.0000000
0.3567842, 0.1621320, 12.4491819
0.3567842, 0.1621320, 0.0000000
0.3983959, 0.1582031, 0.3604934
0.3983959, 0.1582031, 0.0000000
0.4375000, 0.2505051, 203.3853033
0.4375000, 0.2505051, 0.0000000
0.3592147, 0.1753946, 9.1887144
0.3592147, 0.1753946, 0.0000000
0.4375000, 0.1853641, 0.0275744
0.4375000, 0.1853641, 0.0000000
0.4375000, 0.1981890, 0.0654897
0.4375000, 0.1981890, 0.0000000
0.4365283, 0.2026650, 36.5008998
0.4365283, 0.2026650, 0.0000000
0.4121094, 0.2126843, 0.2073198
0.4121094, 0.2126843, 0.0000000
0.4315104, 0.2220382, 0.0000000
0.4315104, 0.2220382, 0.0000000
0.3480469, 0.2275578, 53.9820774
0.3480469, 0.2275578, 0.0000000
0.3479713, 0.2341054, 0.0548759
0.3479713, 0.2341054, 0.0000000
0.3479713, 0.2397933, 18.5532512
0.3479713, 0.2397933, 0.0000000
0.4046119, 0.2457464, 79.3965893
0.4046119, 0.2457464, 0.0000000
0.4050344, 0.2533377, 101.7679582
0.4050344, 0.2533377, 0.0000000
0.4050817, 0.2517782, 0.0271835
0.4050817, 0.2517782, 0.0000000
0.3795128, 0.2592670, 30.1017977
0.3795128, 0.2592670, 0.0000000
0.3739660, 0.2632068, 56.3810615
0.3739660, 0.2632068, 0.0000000
0.3986498, 0.2858345, 5.1435403
0.3986498, 0.2858345, 0.0000000
0.3986495, 0.2869381, 14.0422914
0.3986495, 0.2869381, 0.0000000
0.3601473, 0.2960752, 72.6303305
0.3601473, 0.2960752, 0.0000000
0.3987940, 0.2956845, 11.3662479
0.3987940, 0.2956845, 0.0000000
0.4049696, 0.2840340, 0.1714803
0.4049696, 0.2840340, 0.0000000
0.4053462, 0.2796964, 91.8708572
0.4021188, 0.2947718, 26.3271667
0.4021188, 0.2947718, 0.0000000
0.4116061, 0.3005042, 151.5259465
0.4116061, 0.3005042, 0.0000000
0.4261608, 0.3005136, 3.4821443
0.4261608, 0.3005136, 0.0000000
0.4384594, 0.2901234, 204.0388037
0.4384594, 0.2901234, 0.0000000
0.4493490, 0.3056159, 126.2079029
0.4493490, 0.3056159, 0.0000000
0.4558418, 0.3021349, 3.2988958
0.4558418, 0.3021349, 0.0000000
0.4617932, 0.3139903, 0.1722229
0.4617932, 0.3139903, 0.0000000
0.4617576, 0.3093875, 51.8424703
0.4617576, 0.3093875, 0.0000000
0.4683347, 0.3349098, 216.8427958
0.4683347, 0.3349098, 0.0000000
0.4647733, 0.3059168, 67.4779627
0.4647733, 0.3059168, 0.0000000
0.4617932, 0.3201793, 7.4690639
0.4617932, 0.3201793, 0.0000000
0.4687500, 0.3334606, 7.0678159
0.4687500, 0.3334606, 0.0000000
0.4628906, 0.3451451, 21.4674627
0.4628906, 0.3451451, 0.0000000
0.4488301, 0.3527315, 4.5317848
0.4488301, 0.3527315, 0.0000000
0.4560498, 0.3864411, 176.7102061
0.4560498, 0.3864411, 0.0000000
0.4466211, 0.3906250, 189.3933081
0.4466211, 0.3906250, 0.0000000
0.4492188, 0.3908477, 0.0478137
0.4492188, 0.3908477, 0.0000000
0.4551809, 0.3906250, 10.1819379
0.4551809, 0.3906250, 0.0000000
0.4678297, 0.3907754, 0.3311814
0.4678297, 0.3907754, 0.0000000
0.4745276, 0.3725435, 138.3886913
0.4745276, 0.3725435, 0.0000000
0.4872472, 0.3745389, 19.1373503
0.4872472, 0.3745389, 0.0000000
0.4656445, 0.3916178, 144.0560663
0.4656445, 0.3916178, 0.0000000
0.4580572, 0.3762819, 248.9996777
0.4580572, 0.3762819, 0.0000000
0.4717570, 0.3726827, 0.5898805
0.4717570, 0.3726827, 0.0000000
0.4783503, 0.3818034, 193.8986409
0.4783503, 0.3818034, 0.0000000
0.5121458, 0.3726934, 535.6983944
0.5121458, 0.3726934, 0.0000000
0.4989990, 0.3740809, 564.9142242
0.4989990, 0.3740809, 0.0000000
0.5060892, 0.3608581, 580.6849126
0.5060892, 0.3608581, 0.0000000
0.5064842, 0.3589744, 60.1663035
0.5064842, 0.3589744, 0.0000000
0.5001660, 0.3547149, 149.7843943
0.5001660, 0.3547149, 0.0000000
0.4940378, 0.3298199, 1.2656446
0.4940378, 0.3298199, 0.0000000
0.5000000, 0.3270169, 2.7970298
0.5000000, 0.3270169, 0.0000000
0.5062300, 0.3277823, 174.7313367
0.5062300, 0.3277823, 0.0000000
0.5119485, 0.3195587, 0.0105628
0.5119485, 0.3195587, 0.0000000
0.5128538, 0.3364830, 0.0363339
0.5128538, 0.3364830, 0.0000000
0.5126074, 0.3410096, 147.2378556
0.5126074, 0.3410096, 0.0000000
0.5315357, 0.3375454, 177.2159488
0.5315357, 0.3375454, 0.0000000
0.5316111, 0.3408854, 142.5766855
0.5316111, 0.3408854, 0.0000000
0.5319393, 0.3361662, 32.3680683
0.5319393, 0.3361662, 0.0000000
0.5312500, 0.3821243, 169.7589738
0.5312500, 0.3821243, 0.0000000
0.5161109, 0.3905084, 9.5403735
0.5161109, 0.3905084, 0.0000000
0.4996916, 0.3999089, 6.9413596
0.4996916, 0.3999089, 0.0000000
0.4814000, 0.3274407, 0.1087443
0.4814000, 0.3274407, 0.0000000
0.4747243, 0.3090016, 168.4184125
0.4747243, 0.3090016, 0.0000000
0.4697546, 0.3093539, 0.2365748
0.4697546, 0.3093539, 0.0000000
0.4695249, 0.3020433, 159.4265395
0.4695249, 0.3020433, 0.0000000
0.4665647, 0.3022642, 15.3035423
0.4665647, 0.3022642, 0.0000000
0.4668359, 0.2940347, 161.7677047
0.4668359, 0.2940347, 0.0000000
0.4685464, 0.2953125, 138.7133120
0.4685464, 0.2953125, 0.0000000
0.4716105, 0.2898163, 20.9915606
0.4716105, 0.2898163, 0.0000000
0.4628988, 0.3085938, 7.7875886
0.4628988, 0.3085938, 0.0000000
0.4622509, 0.3359375, 157.9477077
0.4621769, 0.2998770, 242.8831722
0.4621769, 0.2998770, 0.0000000
0.5080400, 0.2998770, 13.6551744
0.5080400, 0.2998770, 0.0000000
0.4996774, 0.3089489, 228.7024319
0.4996774, 0.3089489, 0.0000000
0.5316653, 0.3133913, 19.6663373
0.5316653, 0.3133913, 0.0000000
0.5252604, 0.3130362, 0.0128758
0.5252604, 0.3130362, 0.0000000
0.4940104, 0.3130362, 216.9141534
0.4940104, 0.3130362, 0.0000000
0.4977983, 0.3133913, 15.5614035
0.4977983, 0.3133913, 0.0000000
0.5385211, 0.3133913, 0.0170457
0.5385211, 0.3133913, 0.0000000
0.5383898, 0.3133913, 0.0137488
0.5383898, 0.3133913, 0.0000000
0.5316653, 0.3174496, 0.0084107
0.5316653, 0.3174496, 0.0000000
0.5252604, 0.3174496, 0.0046387
0.5252604, 0.3174496, 0.0000000
0.4437171, 0.3174496, 303.6319070
0.4437171, 0.3174496, 0.0000000
0.4880515, 0.3170945, 0.0000000
0.4880515, 0.3170945, 0.0000000
0.4365809, 0.2814820, 31.5547497
0.4365809, 0.2814820, 0.0000000
0.4808757, 0.2817955, 11.9930255
0.4808757, 0.2817955, 0.0000000
0.4744121, 0.2723019, 0.0127814
0.4744121, 0.2723019, 0.0000000
0.4760816, 0.3090078, 157.5817328
0.4760816, 0.3090078, 0.0000000
0.4585172, 0.2724185, 0.0323707
0.4585172, 0.2724185, 0.0000000
0.4490772, 0.2739830, 105.0798070
0.4490772, 0.2739830, 0.0000000
0.4422987, 0.2538800, 66.3175927
0.4422987, 0.2538800, 0.0000000
0.4383682, 0.2815032, 2.8673121
0.4383682, 0.2815032, 0.0000000
0.4747243, 0.2991002, 127.6290729
0.4747243, 0.2991002, 0.0000000
0.4363836, 0.2905339, 0.3159392
0.4363836, 0.2905339, 0.0000000
0.4678309, 0.3074078, 163.3789239
0.4678309, 0.3074078, 0.0000000
0.4872830, 0.3005635, 48.7954579
0.4872830, 0.3005635, 0.0000000
0.4815538, 0.2595172, 342.0383583
0.4815538, 0.2595172, 0.0000000
0.4177048, 0.2763556, 64.4917471
0.4177048, 0.2763556, 0.0000000
0.4556207, 0.3179587, 51.1832805
0.4556207, 0.3179587, 0.0000000
0.4297200, 0.2823429, 122.9365725
0.4297200, 0.2823429, 0.0000000
0.4299173, 0.2823429, 155.4948289
0.4299173, 0.2823429, 0.0000000
0.4296875, 0.2996309, 2.1032823
0.4296875, 0.2996309, 0.0000000
0.4119121, 0.2992819, 0.0834209
0.4119121, 0.2992819, 0.0000000
0.4059779, 0.2992819, 61.1823780
0.4059779, 0.2992819, 0.0000000
0.3925781, 0.3361318, 0.0076932
0.3925781, 0.3361318, 0.0000000
0.3746373, 0.2438332, 59.7241560
0.3746373, 0.2438332, 0.0000000
0.3703181, 0.2479564, 59.5643959
0.3703181, 0.2479564, 0.0000000
0.3676654, 0.2722078, 0.0551925
0.3676654, 0.2722078, 0.0000000
0.3634466, 0.2465878, 0.0194931
0.3634466, 0.2465878, 0.0000000
0.3563965, 0.2722078, 0.0959247
0.3563965, 0.2722078, 0.0000000
0.3545496, 0.2995515, 380.1811277
0.3545496, 0.2995515, 0.0000000
0.3867188, 0.3000274, 78.5194880
0.3867188, 0.3000274, 0.0000000
0.3924479, 0.2991002, 15.2402541
0.3924479, 0.2991002, 0.0000000
0.3984375, 0.2726809, 130.3328074
0.3984375, 0.2726809, 0.0000000
0.3924479, 0.3005635, 81.6487668
0.3924479, 0.3005635, 0.0000000
0.3864583, 0.2810996, 21.5921089
0.3864583, 0.2810996, 0.0000000
0.3576677, 0.2807741, 0.5325595
0.3576677, 0.2807741, 0.0000000
0.3640350, 0.2899254, 0.2902085
0.3640350, 0.2899254, 0.0000000
0.3572766, 0.2765140, 149.3244042
0.3572766, 0.2765140, 0.0000000
0.3668045, 0.3089021, 155.2808253
0.3668045, 0.3089021, 0.0000000
0.3286602, 0.2924658, 114.8417304
0.3286602, 0.2924658, 0.0000000
0.3572875, 0.3131917, 68.4484828
0.3572875, 0.3131917, 0.0000000
0.3152454, 0.3247041, 29.0727047
0.3152454, 0.3247041, 0.0000000
0.3443080, 0.3183291, 50.1590866
0.3443080, 0.3183291, 0.0000000
0.3139945, 0.2995820, 278.6868832
0.3139945, 0.2995820, 0.0000000
0.3139945, 0.2995820, 0.0000000
0.3086253, 0.3256608, 284.7437682
0.3139134, 0.3169711, 0.3821102
0.3139134, 0.3169711, 0.0000000
0.3194810, 0.3179896, 54.2521468
0.3194810, 0.3179896, 0.0000000
0.3165676, 0.3181370, 8.9038910
0.3165676, 0.3181370, 0.0000000
0.3167112, 0.3154664, 0.1607925
0.3167112, 0.3154664, 0.0000000
0.3167112, 0.3033489, 275.3125343
0.3167112, 0.3033489, 0.0000000
0.3066406, 0.3217652, 49.7222417
0.3066406, 0.3217652, 0.0000000
0.2766584, 0.3049149, 146.2996865
0.2766584, 0.3049149, 0.0000000
0.2797753, 0.3113101, 0.0309382
0.2797753, 0.3113101, 0.0000000
0.2773848, 0.3049188, 0.2060729
0.2773848, 0.3049188, 0.0000000
0.2976971, 0.2918212, 0.0423961
0.2976971, 0.2918212, 0.0000000
0.3224954, 0.3126363, 0.1025707
0.3224954, 0.3126363, 0.0000000
0.2929997, 0.2876255, 305.9764933
0.2929997, 0.2876255, 0.0000000
0.2826393, 0.2937369, 0.0002365
0.2826393, 0.2937369, 0.0000000
0.3164172, 0.2992769, 0.0000000
0.3164172, 0.2992769, 0.0000000
0.3094937, 0.2904295, 0.1091896
0.3094937, 0.2904295, 0.0000000
0.3033520, 0.2904025, 38.0804097
0.3033520, 0.2904025, 0.0000000
0.2654531, 0.2904025, 148.8474941
0.2654531, 0.2904025, 0.0000000
0.2523039, 0.2817647, 116.7003850
0.2523039, 0.2817647, 0.0000000
0.2426042, 0.2815703, 0.1318320
0.2426042, 0.2815703, 0.0000000
0.2491694, 0.2877354, 0.0346645
0.2491694, 0.2877354, 0.0000000
0.2373310, 0.2858333, 0.1844495
0.2373310, 0.2858333, 0.0000000
0.2467851, 0.2765902, 22.8492837
0.2467851, 0.2765902, 0.0000000
0.2467851, 0.2765902, 0.0000000
0.2470287, 0.2827321, 0.0320660
0.2447410, 0.2797209, 0.1590738
0.2447410, 0.2797209, 0.0000000
0.2447410, 0.2797209, 0.0000000
0.2461671, 0.2816128, 22.2383228
0.2463012, 0.2765902, 0.4129662
0.2463012, 0.2765902, 0.0000000
0.2463012, 0.2765902, 0.0000000
0.2433681, 0.2676737, 0.2128243
0.2408013, 0.2638918, 21.7338197
0.2408013, 0.2638918, 0.0000000
0.2417205, 0.2768356, 0.1941347
0.2417205, 0.2768356, 0.0000000
0.2403259, 0.2674581, 27.6848610
0.2403259, 0.2674581, 0.0000000
0.2480469, 0.2944540, 0.2621718
0.2480469, 0.2944540, 0.0000000
0.2423333, 0.2753259, 34.9415992
0.2423333, 0.2753259, 0.0000000
0.2423333, 0.2753259, 0.0000000
0.2541035, 0.2989827, 0.1919897
0.2541035, 0.2989827, 0.0000000
0.2317829, 0.2850181, 112.4117926
0.2317829, 0.2850181, 0.0000000
0.2357175, 0.2804922, 45.4846190
0.2588976, 0.2932779, 192.8307608
0.2588976, 0.2932779, 0.0000000
0.2588976, 0.2932779, 0.0000000
0.2409172, 0.2731945, 0.0535336
0.2409172, 0.2731945, 0.0000000
0.2656250, 0.2847066, 0.0578958
0.2656250, 0.2847066, 0.0000000
0.2653952, 0.3043849, 0.1941785
0.2653952, 0.3043849, 0.0000000
0.1894531, 0.2682106, 182.6426307
0.1894531, 0.2682106, 0.0000000
0.2657552, 0.3210007, 0.0268431
0.2156685, 0.3315717, 55.5811593
0.2156685, 0.3315717, 0.0000000
0.2156685, 0.3315717, 0.0000000
0.2226563, 0.3368949, 0.1886077
0.2470359, 0.2815492, 0.0482516
0.2470359, 0.2815492, 0.0000000
0.2407798, 0.3449534, 0.3164180
0.2407798, 0.3449534, 0.0000000
0.2281881, 0.2898163, 67.4146062
0.2281881, 0.2898163, 0.0000000
0.2406456, 0.3530702, 52.4836045
0.2406456, 0.3530702, 0.0000000
0.2597656, 0.2993334, 0.1232986
0.2597656, 0.2993334, 0.0000000
0.2597656, 0.2993334, 0.0000000
0.2659815, 0.2944093, 75.7861284
0.2659815, 0.2944093, 0.0000000
0.2656250, 0.3447457, 33.0058402
0.2402344, 0.2968712, 61.0929450
0.2402344, 0.2968712, 0.0000000
0.2402344, 0.2968712, 0.0000000
0.2180356, 0.2864694, 156.3389045
0.2147703, 0.2885623, 3.4126262
0.2147703, 0.2885623, 0.0000000
0.2147703, 0.2885623, 0.0000000
0.2029385, 0.2857643, 0.1583244
0.2029385, 0.2857643, 0.0000000
0.2092650, 0.2996973, 0.1919871
0.2117690, 0.2999627, 11.3002119
0.2117690, 0.2999627, 0.0000000
0.2117690, 0.2999627, 0.0000000
0.2084236, 0.2999627, 0.0427122
0.2074735, 0.2997635, 163.5840651
0.2074735, 0.2997635, 0.0000000
0.2018412, 0.3047962, 26.0467669
0.2018412, 0.3047962, 0.0000000
0.2178785, 0.3131858, 28.4437094
0.2178785, 0.3131858, 0.0000000
0.1964289, 0.2858420, 46.7930286
0.1964289, 0.2858420, 0.0000000
0.2246771, 0.2633081, 26.9850535
0.2246771, 0.2633081, 0.0000000
0.2240909, 0.2660391, 0.2186374
0.2240909, 0.2660391, 0.0000000
0.2240909, 0.2660391, 0.0000000
0.2242320, 0.2723837, 10.0315060
0.2242320, 0.2723837, 0.0000000
0.1864487, 0.2715495, 47.3764979
0.1864487, 0.2715495, 0.0000000
0.1862301, 0.2793566, 0.2481951
0.1862301, 0.2793566, 0.0000000
0.1862301, 0.2780786, 0.2642916
0.1862301, 0.2780786, 0.0000000
0.1834635, 0.2741448, 0.3746903
0.1834635, 0.2741448, 0.0000000
0.1834635, 0.2777125, 7.6380200
0.1834635, 0.2777125, 0.0000000
0.1777344, 0.2750095, 0.0023386
0.1777344, 0.2750095, 0.0000000
0.1798102, 0.2761012, 9.3557035
0.1798102, 0.2761012, 0.0000000
0.1798102, 0.2748126, 47.5291138
0.1798102, 0.2748126, 0.0000000
0.1798102, 0.2812500, 0.5933854
0.1798102, 0.2812500, 0.0000000
0.1775046, 0.2773393, 0.0738962
0.1775046, 0.2773393, 0.0000000
0.1776348, 0.2841768, 81.3782271
0.1776348, 0.2841768, 0.0000000
0.1483333, 0.2842978, 10.2099701
0.1483333, 0.2842978, 0.0000000
0.1556920, 0.2800394, 2.7694987
0.1556920, 0.2800394, 0.0000000
0.1560931, 0.2715195, 25.8079524
0.1560931, 0.2715195, 0.0000000
0.1508718, 0.2546242, 95.3357440
0.1508718, 0.2546242, 0.0000000
0.1486378, 0.2664235, 0.0053953
0.1486378, 0.2664235, 0.0000000
0.1411269, 0.2728006, 0.0344614
0.1411269, 0.2728006, 0.0000000
0.1580217, 0.2655503, 0.4608761
0.1580217, 0.2655503, 0.0000000
0.1340153, 0.2634850, 13.8137062
0.1340153, 0.2634850, 0.0000000
0.1678486, 0.2680255, 3.4474467
0.1678486, 0.2680255, 0.0000000
0.1744968, 0.2633475, 0.2245123
0.1358188, 0.2638837, 0.0117283
0.1358188, 0.2638837, 0.0000000
0.1358188, 0.2638837, 0.0000000
0.1367188, 0.2629396, 36.8613684
0.1367188, 0.2629396, 0.0000000
0.1776074, 0.2540404, 75.0080709
0.1776074, 0.2540404, 0.0000000
0.1329843, 0.2542823, 32.5971654
0.1329843, 0.2542823, 0.0000000
0.1236744, 0.2542823, 5.1873613
0.1702819, 0.2543899, 7.8241448
0.1702819, 0.2543899, 0.0000000
0.1702819, 0.2543899, 0.0000000
0.1706855, 0.2495949, 0.1750638
0.1706855, 0.2495949, 0.0000000
0.1709712, 0.2482453, 144.0422298
0.1709712, 0.2482453, 0.0000000
0.1149543, 0.2436995, 23.8626614
0.1149543, 0.2436995, 0.0000000
0.1098514, 0.2382096, 0.0503978
0.1098514, 0.2382096, 0.0000000
0.1583059, 0.2334542, 3.0299060
0.1583059, 0.2334542, 0.0000000
0.1583333, 0.2334542, 0.0060028
0.1583333, 0.2334542, 0.0000000
0.1521577, 0.2334542, 0.3908642
0.1521577, 0.2334542, 0.0000000
0.1582031, 0.2334542, 50.8603097
0.1582031, 0.2334542, 0.0000000
0.1517983, 0.2163558, 0.1945834
0.1517983, 0.2163558, 0.0000000
0.1432215, 0.2241683, 49.4516739
0.1432215, 0.2241683, 0.0000000
0.1328125, 0.2245234, 51.1401920
0.1328125, 0.2245234, 0.0000000
0.1268229, 0.2245234, 0.1753571
0.1268229, 0.2245234, 0.0000000
0.1210938, 0.2271080, 0.0017478
0.1210938, 0.2271080, 0.0000000
0.0951606, 0.2247137, 35.2197348
0.0893282, 0.1968245, 31.4234300
0.0893282, 0.1968245, 0.0000000
0.0929624, 0.2060540, 0.5251842
0.0929624, 0.2060540, 0.0000000
0.0929624, 0.2060540, 46.4477060
0.0929624, 0.2060540, 0.0000000
0.0953178, 0.2241683, 0.6450912
0.0953178, 0.2241683, 0.0000000
0.0953178, 0.2241683, 0.0000000
0.0953178, 0.1970663, 14.3375205
0.0987492, 0.2163558, 15.2530867
0.0987492, 0.2163558, 0.0000000
0.0987492, 0.2163558, 0.0000000
0.1045786, 0.2244101, 0.0430809
0.1045786, 0.2244101, 0.0000000
0.0987492, 0.2244101, 1.1755530
0.0987492, 0.2244101, 0.0000000
0.1010470, 0.2285238, 0.0718003
0.1010470, 0.2285238, 0.0000000
0.1044328, 0.2285238, 0.0387866
0.1044328, 0.2285238, 0.0000000
0.0887528, 0.2333977, 0.0394007
0.0887528, 0.2333977, 0.0000000
0.1077955, 0.2333977, 0.0344682
0.1077955, 0.2333977, 0.0000000
0.1137698, 0.2422218, 0.0000000
0.1137698, 0.2422218, 0.0000000
0.1137698, 0.2428177, 0.5513977
0.1137698, 0.2428177, 0.0000000
0.1169577, 0.2519613, 0.0017494
0.1169577, 0.2519613, 0.0000000
0.1165936, 0.2527290, 1.1873897
0.1165936, 0.2527290, 0.0000000
0.1157453, 0.2480216, 9.5703855
0.1157453, 0.2480216, 0.0000000
0.1173109, 0.2613088, 0.0028478
0.1173109, 0.2613088, 0.0000000
0.1165486, 0.2613088, 23.1735802
0.1165486, 0.2613088, 0.0000000
0.1166848, 0.2700953, 1.3701803
0.1166848, 0.2700953, 0.0000000
0.1229450, 0.2704067, 3.5039800
0.1229450, 0.2704067, 0.0000000
0.1160676, 0.2584316, 16.0492323
0.1160676, 0.2584316, 0.0000000
0.1154977, 0.2614647, 0.0152279
0.1154977, 0.2614647, 0.0000000
0.1122472, 0.2500734, 0.0519457
0.1122472, 0.2500734, 0.0000000
0.1189236, 0.2699940, 0.0799546
0.1189236, 0.2699940, 0.0000000
0.1088480, 0.2749303, 21.9659261
0.1088480, 0.2749303, 0.0000000
0.1247830, 0.2676912, 0.2435714
0.1247830, 0.2676912, 0.0000000
0.1285032, 0.2798411, 4.9473089
0.1311878, 0.2698107, 1.3550716
0.1311878, 0.2698107, 0.0000000
0.1306424, 0.2696826, 0.0155526
0.1306424, 0.2696826, 0.0000000
0.1311878, 0.2798411, 0.0000000
0.1311878, 0.2798411, 0.0000000
0.1329565, 0.2883419, 0.0220619
0.1329565, 0.2883419, 0.0000000
0.1400512, 0.2883419, 0.0751760
0.1400512, 0.2883419, 0.0000000
0.1328870, 0.2888571, 3.0817904
0.1328870, 0.2888571, 0.0000000
0.1395736, 0.2714435, 7.5874649
0.1395736, 0.2714435, 0.0000000
0.1147235, 0.2980284, 43.5153285
0.1147235, 0.2980284, 0.0000000
0.1172861, 0.3026885, 30.8617254
0.1172861, 0.3026885, 0.0000000
0.1186018, 0.2962077, 0.0311591
0.1186018, 0.2962077, 0.0000000
0.1215639, 0.2962077, 0.0000000
0.1215639, 0.2962077, 0.0000000
0.1281386, 0.2898540, 0.0991223
0.1281386, 0.2898540, 0.0000000
0.1405301, 0.3061803, 29.1814083
0.1405301, 0.3061803, 0.0000000
0.1403987, 0.3057590, 0.0060698
0.1403987, 0.3057590, 0.0000000
0.1403987, 0.3149511, 0.0000000
0.1403987, 0.3149511, 0.0000000
0.1405330, 0.3152242, 0.0029953
0.1405330, 0.3152242, 0.0000000
0.0941211, 0.3155246, 23.2572179
0.0941211, 0.3155246, 0.0000000
0.1074219, 0.3145009, 0.0177930
0.1074219, 0.3145009, 0.0000000
0.1388692, 0.3183594, 0.1655378
0.1388692, 0.3183594, 0.0000000
0.1388692, 0.2999132, 64.2225512
0.1388692, 0.2999132, 0.0000000
0.1386719, 0.3229242, 0.0071950
0.1386719, 0.3229242, 0.0000000
0.1341281, 0.3144757, 0.0181182
0.1341281, 0.3144757, 0.0000000
0.1386719, 0.3361793, 0.0180011
0.1386719, 0.3170945, 0.0054397
0.1386719, 0.3170945, 0.0000000
0.1075247, 0.3224083, 0.2831375
0.1075247, 0.3224083, 0.0000000
0.1075247, 0.3174154, 1.8613294
0.1075247, 0.3174154, 0.0000000
0.1074219, 0.3174154, 70.2890844
0.1074219, 0.3174154, 0.0000000
0.1074219, 0.3116992, 73.4451491
0.1074219, 0.3116992, 0.0000000
0.1326823, 0.3227539, 0.0000000
0.1326823, 0.3227539, 0.0000000
0.1386719, 0.3173105, 0.0000000
0.1386719, 0.3173105, 0.0000000
0.1328125, 0.3173105, 0.0000000
0.1328125, 0.3173105, 0.0000000
0.1455404, 0.3085938, 0.0116557
0.1455404, 0.3085938, 0.0000000
0.1455404, 0.3085938, 0.0045246
0.1455404, 0.3085938, 0.0000000
0.1329153, 0.3276654, 25.7937188
0.1329153, 0.3276654, 0.0000000
0.1519326, 0.3140137, 0.0006852
0.1519326, 0.3140137, 0.0000000
0.1519326, 0.3045449, 0.0093245
0.1519326, 0.3045449, 0.0000000
0.1329153, 0.3045988, 89.6852155
0.1329153, 0.3045988, 0.0000000
0.1584004, 0.3003217, 0.0098257
0.1584004, 0.3003217, 0.0000000
0.1329153, 0.3143926, 46.9795533
0.1329153, 0.3143926, 0.0000000
0.1456428, 0.3143926, 0.0034810
0.1456428, 0.3143926, 0.0000000
0.1368375, 0.3271159, 111.4717446
0.1368375, 0.3271159, 0.0000000
0.1371913, 0.3003111, 0.0000000
0.1371913, 0.3003111, 0.0000000
0.1328125, 0.3003111, 0.0831987
0.1328125, 0.3003111, 0.0000000
0.1411873, 0.2902834, 1.9251348
0.1411873, 0.2902834, 0.0000000
0.1644737, 0.2902834, 0.3975938
0.1644737, 0.2902834, 0.0000000
0.1646050, 0.2902834, 0.1498346
0.1646050, 0.2902834, 0.0000000
0.1646050, 0.2902834, 0.1405529
0.1646050, 0.2902834, 0.0000000
0.1646080, 0.2902834, 0.0010151
0.1646080, 0.2902834, 0.0000000
0.1328125, 0.2902834, 21.8093034
0.1328125, 0.2902834, 0.0000000
0.1714638, 0.2853680, 0.5659516
0.1714638, 0.2853680, 0.0000000
0.1328125, 0.2853680, 1.3348433
0.1328125, 0.2853680, 0.0000000
0.1707108, 0.2817336, 0.2988505
0.1707108, 0.2817336, 0.0000000
0.1432346, 0.2775642, 51.6648323
0.1432346, 0.2775642, 0.0000000
0.1771889, 0.2738068, 14.4089645
0.1771889, 0.2738068, 0.0000000
0.1773232, 0.2852440, 0.0000000
0.1773232, 0.2852440, 0.0000000
0.1775205, 0.2816761, 0.4950656
0.1775205, 0.2816761, 0.0000000
0.1774331, 0.2728122, 0.0506296
0.1774331, 0.2728122, 0.0000000
0.1767947, 0.2795571, 14.1869599
0.1767947, 0.2795571, 0.0000000
0.1767004, 0.2750628, 0.0277207
0.1767004, 0.2750628, 0.0000000
0.1773862, 0.2816641, 0.0686134
0.1773862, 0.2816641, 0.0000000
